3.38443	-5.5378
-5.76685	-0.496189
1.91073	-5.20772
-2.43319	-6.0305
-6.57417	-5.79372
6.74856	-5.40866
3.01904	-6.71523
-4.85667	-2.90473
9.23814	1.51503
4.92086	3.70476
-12.7026	5.71415
-2.21917	3.03894
0.87895	3.51212
4.90905	8.06872
8.43001	4.66888
3.78935	0.324206
-1.60253	-2.48843
-1.88026	-18.4531
-16.6388	-29.0188
-31.2316	-19.7471
-23.5936	-12.5228
-15.6391	-27.8109
-21.4373	-14.0909
-4.2262	-9.9552
-9.85309	-26.7693
-10.9375	-13.4444
-2.40963	-11.136
-16.612	4.83586
-2.95935	-8.27111
0.563245	0.768265
-0.0865869	0.18562
9.91731	14.757
15.1385	5.26202
7.94659	2.3705
2.88583	-4.01523
-2.24999	-6.2002
-0.79287	-1.60894
-0.675021	-4.01594
-6.99139	-21.7382
-26.2553	-8.58115
-10.7661	-11.4651
-13.4891	-14.2835
-13.9949	2.95463
-3.38814	0.382323
-5.23297	1.49976
-9.22266	-7.25849
-6.75111	-24.8182
-26.3503	-2.60621
-4.77181	-10.4355
-9.2096	-8.56396
-6.53125	-9.47694
-4.65335	-3.6019
-9.39944	2.23362
0.785482	5.81133
6.19883	8.77761
6.90052	0.613458
-0.0812248	-0.300158
-0.829184	-16.4739
-19.6914	-29.2602
-29.4809	-16.8628
-16.8082	-27.9162
-26.5619	1.1943
3.22343	-7.89389
-12.1764	-13.5487
-9.02037	-16.6087
-16.376	-14.8836
-17.2454	-14.6339
-19.6356	-1.39549
-3.58368	-20.0461
-23.9074	-2.38629
-3.01915	-2.22574
3.33731	7.58151
12.5076	6.42107
1.28669	-6.45507
-5.0468	-4.62802
-6.35747	0.302772
2.12045	1.09162
2.08181	-20.1611
-19.7175	-3.02595
-4.09423	-27.6753
-27.4903	-36.012
-34.9406	-11.2187
-10.1456	-27.1288
-16.6207	2.7564
0.314709	-9.85625
-11.039	-3.51936
-9.43914	-19.7924
-9.50495	3.80464
2.78352	0.834587
5.38421	14.0894
11.2472	4.48048
-9.16595	2.58586
4.8267	1.16834
5.1207	4.63994
8.07177	3.79625
6.81211	1.79873
2.32175	-0.834987
-0.538679	-7.81025
-9.81305	-12.9733
-6.60513	-10.0353
-12.1418	-32.8539
-30.557	-13.3924
-15.876	-21.1811
-16.1062	-11.7781
-5.5409	-10.0306
-6.38668	-12.7623
-4.2353	-10.9947
-1.23583	-10.8462
-5.11095	-10.1576
-8.35969	-9.28381
1.36486	-0.583181
0.348606	-0.618018
0.75045	-3.02934
-4.88293	-0.766538
6.04058	1.00825
2.14172	-0.246586
0.564408	-1.97462
-2.26818	-13.2674
-13.4249	-27.254
-27.8691	-20.7237
-20.3797	-17.9835
-17.8085	-16.7654
-15.0195	-17.5824
-21.0811	-13.2722
-12.6888	-11.1709
-7.26999	-22.5155
-14.8678	-4.65598
-4.6626	-20.3725
-19.6699	-12.1703
-15.8576	-8.20898
-10.8603	-7.80206
-9.25656	0.330592
-2.68355	-2.50226
-2.52154	5.98119
2.90622	5.85081
3.19968	3.9687
3.33044	0.703304
1.92983	-5.19449
-9.3406	-12.4108
-14.0661	-5.66118
-11.9526	-29.0646
-31.9846	-8.46223
-5.10633	-7.41759
-9.3193	-12.0591
-8.58916	-17.3332
-13.6205	-14.4261
-7.88734	-11.6886
-10.514	1.39301
2.82491	-12.006
-8.28057	-6.11768
-7.46297	-6.26156
-5.81435	-6.9926
-5.8376	-7.15198
-6.20756	-6.00028
-6.22056	-7.41048
-6.31425	-0.817515
0.456522	-0.663978
-0.896833	-7.27049
-8.14044	-20.2904
-15.6586	-7.53064
-7.38967	-7.37099
-5.37138	-13.6062
-11.9601	-4.58042
-10.135	-14.9081
-10.8019	-13.9976
-10.4649	-12.9276
-18.0663	0.315633
1.91016	8.18283
-1.57448	4.37578
10.6656	-2.61404
-1.53855	-11.7548
2.50636	-0.350051
3.87334	-1.57565
-0.907601	4.07151
-1.28929	-2.70864
0.811545	-3.43522
1.66424	0.728841
-1.96172	-15.1661
-13.9297	-23.7856
-21.8636	-7.78286
-12.0723	-8.68089
-6.145	2.0113
-4.34855	0.437445
4.12422	-1.23346
1.22473	-2.93464
-1.36405	-12.8392
-7.69137	5.13532
-3.55059	7.86622
3.63704	7.25808
-3.50414	-0.213657
-1.94273	-5.67228
-0.0976556	-1.33413
-0.361353	-0.347617
5.31876	2.18948
4.86456	-5.73336
5.50889	4.8187
0.68916	0.537787
4.45598	-1.12843
-3.82787	0.429515
3.32871	-2.09043
2.69047	-2.11185
-0.938141	-0.0861616
1.25484	-26.07
-17.4316	-7.23844
-4.71325	-0.303694
3.65432	-12.9486
-22.8742	-19.7
-15.6927	-24.9147
-15.9755	-15.6992
-20.0621	-20.5673
-21.8578	-2.85471
-0.978764	-34.8499
-32.423	-4.77787
0.554001	-18.1205
-18.8394	0.148666
1.81091	-4.71348
-5.25723	7.5975
13.7061	10.8497
7.6033	8.0635
7.68861	-1.70371
-0.387887	-1.67534
-1.65222	-1.3829
-2.89573	-21.0682
-20.6429	-24.2923
-27.8996	-14.5402
-12.9318	-16.5424
-13.5057	-12.521
-21.5843	-11.1183
-15.9192	-2.63168
-15.7887	-26.8964
-19.9877	-3.97029
-3.03682	-6.00169
-6.72368	0.897288
-10.2827	-12.8662
-10.3957	-2.99923
-3.00893	1.65042
4.88239	9.58089
4.41851	11.1288
-1.60448	-2.02536
-4.00606	-0.73869
-0.171794	-2.00334
-2.27452	-1.03508
-0.538813	-9.25569
-7.66001	-22.7704
-20.7237	-1.37155
-8.56497	-9.53529
-22.3603	-29.0983
-29.1925	-13.3586
-8.50724	-11.8949
-10.7738	-11.7041
-16.042	-3.82169
-7.31215	2.61875
-10.8038	-4.34303
-2.48732	-8.41801
-10.7013	-5.64779
-5.23911	-3.28704
0.556381	11.3239
4.25791	5.40923
-0.759583	1.14636
-0.108005	-1.29253
0.748675	-1.12423
1.80287	1.79009
2.60903	-13.1259
-11.5349	-3.54083
-4.83195	-25.1188
-27.4559	-29.7419
-27.1651	-3.34155
-6.38831	-15.1377
-14.5358	-5.62011
-6.16496	-10.092
-15.68	-2.14673
0.357727	-11.8147
-7.54657	-8.74052
-5.37724	-10.4309
-4.09134	2.98964
-2.49945	-14.8825
-16.635	-0.50404
4.49578	-2.28475
-3.62936	1.5063
-2.5153	0.81256
2.026	-0.068405
1.4206	2.54652
2.68245	-23.7491
-15.8737	-12.0279
-10.4371	-4.94836
-3.48301	-8.81617
-9.80715	-7.791
-5.05354	-9.00782
-20.1742	14.0341
0.0426353	-10.9316
-10.6057	2.89328
4.36252	-11.6679
-11.6673	-7.16009
-11.9159	-15.3279
-12.0331	-11.0733
-8.52504	-14.1419
-15.1981	-4.91392
-5.70403	-2.98368
4.26566	9.46927
9.5071	7.1475
0.900699	4.8271
3.13769	1.6651
0.375725	-14.597
-14.7545	-6.36268
-6.2468	-4.28677
-2.49233	-6.64508
-26.3607	-15.3974
-24.2393	-2.55104
-2.02751	-5.16898
-2.08497	-24.8374
-25.1275	-8.58849
-3.46071	-21.6277
-18.7286	-10.9059
-8.4957	-12.3224
3.31992	2.09405
4.58119	-4.23554
-0.320809	-7.46695
-5.13141	3.92184
0.235293	6.63579
7.04007	0.777697
2.12834	2.34157
1.55638	-0.442724
-0.289776	-20.2263
-13.9807	-2.11005
0.0570425	-11.6564
-8.09386	-36.7734
-32.2704	-19.825
-23.427	-18.0589
-15.4794	-6.781
-4.12561	-11.2659
-5.97092	-5.24583
-15.3377	-17.0405
-9.57897	-0.000834167
-6.62936	-10.1615
-9.99917	-9.87538
-5.94649	-6.00394
-7.27155	-6.92854
-4.32131	-6.11011
-6.87041	-4.25211
-2.76455	-6.3607
-6.17435	-3.0162
-1.04719	-2.22284
-2.66926	-11.8571
-10.3787	-15.9444
-16.7136	-14.9246
-15.7592	0.680546
10.1487	-11.2535
-11.3684	-0.450147
2.15379	-9.6516
-2.10884	-2.65811
0.894253	-10.8526
-11.0564	-2.54786
-4.00443	14.5324
5.61786	1.21199
9.51659	1.67092
-8.42019	-1.40767
-1.03772	2.44908
-2.50535	0.271327
-1.54981	1.87041
1.5025	-1.50558
-1.55835	-0.854891
-4.40469	1.16053
-0.101185	-15.8895
-15.1983	-26.3839
-24.7467	-3.24098
-8.35192	-1.66809
-1.46119	-3.62353
-4.18715	-1.78852
-4.3153	-5.0619
5.16916	9.82557
-4.21129	8.22332
5.87872	5.80114
6.12374	6.44345
-0.593723	0.695148
1.713	-5.61237
2.19205	-2.93312
7.25137	-5.81233
-4.46011	12.0731
-3.46716	-3.70335
3.1978	-13.0858
4.22169	18.02
9.71332	-4.53388
-3.10596	-5.91337
9.85562	0.0912778
7.26096	-2.84615
7.75159	3.15092
2.07541	-3.19455
2.62839	5.87829
7.04221	1.45391
0.594297	-7.56922
1.27647	2.34772
1.2051	0.975822
0.379917	-3.9532
-4.01382	-28.5203
-24.8631	-28.1859
-33.5565	-8.93446
-17.3491	-12.8644
-15.3486	-21.5481
-25.6962	-17.6783
-23.1133	-9.69525
-17.1046	-14.4985
-14.7257	-11.7501
-12.7024	-21.4841
-11.3743	-8.55016
-6.57833	3.21783
5.36574	-1.32076
0.429541	12.7169
11.3244	10.1923
10.2971	3.09623
5.8498	-2.9355
-2.61474	-3.60534
-1.74443	1.5038
-1.60128	-9.42374
-10.0871	-24.3499
-24.4226	-25.7797
-19.3813	-9.05247
-22.6642	-25.3018
-19.569	-16.2658
-21.2671	-14.3416
-16.9473	-20.8633
-17.0852	-8.94633
-13.1401	-26.072
-17.986	-15.885
-12.0509	-5.76471
-10.7927	-2.36771
-4.1829	-2.40266
-6.24243	5.84582
3.6171	4.90118
3.32036	4.09606
6.44635	4.75951
4.57613	-0.918721
-1.08762	-2.64861
-1.38546	-6.21997
-7.16032	-14.4962
-12.7105	-5.96585
-5.19394	-30.0127
-31.0842	-18.2323
-21.9689	-8.97773
-9.77749	-23.5742
-18.5443	-15.9416
-16.9414	-17.3009
-17.705	-17.2867
-19.2876	-6.66212
-3.50368	-9.28193
-7.46403	2.66835
10.5042	-5.85096
-1.78499	16.773
11.1534	12.1779
11.0833	3.68823
5.56742	-3.48887
-2.61079	-3.65618
-2.78441	-0.0803564
-0.547635	-9.28131
-9.65257	-3.9011
-6.15967	-9.13998
-4.83502	-24.4671
-14.6742	-10.704
-15.2255	-32.9434
-18.4278	-19.3614
-14.1982	-5.91036
-11.0106	-14.6712
-13.3852	-14.218
-15.201	-3.52853
-5.89445	-10.8708
-13.9893	-3.84952
-3.62589	-5.99086
-13.6813	1.23395
0.38748	-4.31178
-4.59512	5.12054
1.75877	5.23669
3.39267	1.91348
1.08947	0.514929
-0.592887	-10.9122
-11.3068	-22.4977
-12.4094	-2.64675
-15.4443	-16.9679
-14.9049	-10.5987
-12.6394	-20.7688
-21.0653	10.3687
7.59073	-14.0476
-15.1517	-13.3382
-16.0172	-17.2018
-17.6531	-7.69428
-9.04035	-5.64612
-3.58143	3.70248
-5.37507	0.296475
4.70408	-7.60708
-6.84464	-5.36397
1.09503	0.722003
1.67937	1.20362
3.63375	-0.335304
1.8864	0.769534
1.68293	-6.43246
-5.40932	-26.017
-23.5888	-25.0615
-21.0113	-11.8869
-7.6715	-13.7773
-5.65984	-20.6337
-3.40795	-0.939689
1.01504	3.86277
4.87874	-11.2885
-5.61985	-14.0978
-12.0312	-13.735
-9.39381	-4.74962
-12.1191	4.47247
-0.81118	0.555358
-5.51014	-2.5191
1.83542	0.0968228
2.24243	-2.28105
2.67612	8.07609
8.01086	3.34526
3.19633	-0.344806
0.11792	-12.6989
-11.9336	-32.1247
-31.7698	-16.5532
-16.1386	-11.7533
-11.0388	-10.5323
-8.11549	-11.7846
-14.2566	-3.11933
3.52337	-21.504
-12.0263	-11.2872
-11.8785	-8.95196
-18.5193	-4.34661
-10.6197	-11.3596
-5.95489	-1.7671
-8.50976	-7.2932
-3.75158	-7.2875
-5.92053	-7.99092
-7.78511	-6.26426
-8.61466	-4.23373
-5.93125	-1.41688
-4.01223	-0.384369
-0.634764	-3.56314
-5.12665	-20.2384
-20.6734	-15.4474
-12.5863	-5.40483
-10.119	-13.5962
-11.6196	-3.95896
2.30622	-15.2191
-12.4095	-13.7549
-8.89501	-9.81909
-5.39443	-11.0964
-13.4211	-8.30042
-1.92636	3.57607
4.68302	-3.7545
4.68373	2.69358
0.834158	7.3099
3.94513	-4.28692
-2.83431	2.59545
3.9474	3.83855
1.48697	3.89873
2.99361	-0.7698
0.959144	-27.971
-29.7092	-22.3598
-19.5398	-5.04871
-8.64132	-18.3452
-13.1146	-9.24588
-8.12344	4.28187
-4.52609	-18.3522
-10.9801	-9.30354
-3.86948	-8.84396
-4.00701	-9.87425
-10.8469	-2.60231
-8.48033	-5.92556
-5.80653	-1.92265
11.6053	-0.871229
12.1989	0.323731
-2.09238	-1.40286
-1.83544	2.8797
2.04086	1.98065
-5.51742	-4.48069
-2.02764	-5.11033
0.306324	-4.67421
-6.55937	0.126564
2.06269	3.5253
2.50337	2.24512
-5.57512	6.5365
-12.033	-1.5624
9.96946	2.49112
3.49839	-0.533026
2.13661	5.54055
1.27354	-2.19912
2.41176	1.2627
3.89201	-4.61535
-0.466781	0.31677
6.48857	0.706324
1.85003	-0.231364
-0.266233	-2.09432
-2.23587	-12.6256
-13.4236	1.24692
3.85176	-10.8544
-5.86219	-14.5857
-12.5784	3.67509
6.7742	5.45113
10.6544	-11.8805
-6.92594	6.26763
5.98127	0.256432
-12.3503	-2.73679
-3.10891	-7.85975
-9.79458	-7.8915
-5.46209	-4.02719
-6.04663	1.56545
3.63319	9.27294
7.23357	8.78935
9.38064	3.13973
6.08906	1.42123
0.574674	-1.18863
-1.81132	-14.8647
-16.5649	-22.6045
-23.9382	-16.3778
-16.9156	-22.9601
-23.5453	-21.8922
-21.4591	-0.387604
-0.705207	-13.7333
-7.52724	-16.332
-11.8066	-6.24487
-7.01909	-22.9072
-16.5187	-10.8981
-13.4433	-1.36301
-0.232994	2.57516
5.71163	3.46382
2.65683	15.5308
17.7759	7.03523
7.89013	3.15815
3.05887	-1.95417
-1.24926	-0.837718
-0.521877	0.936347
-2.4458	-13.0407
-11.409	-22.2782
-23.257	-14.7925
-13.3395	-24.217
-24.6065	-20.9496
-12.9463	-9.78738
-13.9205	-23.2535
-26.2751	-16.0334
-17.2881	-8.46647
-10.194	-20.5181
-16.3243	-19.244
-18.2384	-14.391
-7.77635	0.828231
1.36799	-6.70298
-3.27186	4.15352
5.87838	7.12855
2.70133	5.33003
5.17339	4.70449
5.46028	0.772697
-0.122011	-0.790755
-2.30851	-11.6706
-15.2234	-16.275
-13.9506	0.719543
-1.78697	-6.44805
-7.50491	-3.8611
-11.2282	-12.2196
-2.57387	-6.05768
-10.7301	-10.6638
-8.99514	-4.83124
3.57743	-11.3912
-4.17675	-1.49871
-9.94235	-1.84852
-3.03953	1.53858
5.18521	1.05813
4.28633	4.33467
4.29109	-0.15743
3.25193	5.29429
7.3764	-0.156466
-1.1687	-0.0865738
-1.03007	-2.00536
-3.47037	-16.8598
-15.372	-12.466
-13.1355	-20.876
-20.5183	-35.1283
-34.5854	-16.0832
-9.16418	-27.2574
-22.4931	-15.5599
-22.8694	-28.8171
-20.9475	-10.6664
-5.98053	-11.3898
-12.9098	-4.81011
-1.91165	-13.3815
-13.0381	-5.21381
1.89722	4.08912
1.55296	3.41093
11.4516	4.81188
2.82876	7.8139
2.42702	-1.95316
-2.15218	-0.693804
-2.68867	0.189408
0.901818	-13.8809
-15.7762	-10.1533
-10.966	0.404379
-8.27781	-17.1244
-17.9713	-14.1483
-24.8739	-11.9571
-10.3206	-9.40139
-10.5725	-8.20347
-7.50025	-5.97214
-6.77856	-22.9918
-16.7209	-5.32427
-14.8072	-11.3128
-3.87314	-13.9228
-1.17923	-2.34085
-1.43467	0.953546
-4.85862	0.771284
-2.1908	4.59038
6.39758	6.67091
4.88914	0.921404
-0.0538566	-1.19515
0.279673	-37.1103
-30.5429	-13.0797
-16.1778	-17.4645
-23.6383	-12.8559
0.0702713	-4.01416
-21.4165	-10.5528
-25.9004	-7.43504
-5.60131	-22.2016
-23.3894	-4.85544
-4.19962	-20.7838
-22.571	-15.5703
-17.575	-15.6737
-15.7901	-4.94621
-5.82425	3.85663
0.472104	12.151
12.3986	7.69278
6.22317	9.14471
6.70276	4.51188
4.65506	1.91896
2.95411	-3.49496
-1.32791	-12.9614
-12.5204	-14.0845
-9.44004	-10.7023
-5.11473	-13.5464
-13.3661	5.56175
0.580977	-5.41953
-6.48093	-11.2558
-12.395	-6.06314
-6.01205	1.67477
-7.20849	-4.02812
-15.2219	-3.63888
-2.37175	-8.2804
6.86889	6.76536
1.87246	-3.01002
7.51771	1.07398
6.64276	0.822068
1.6797	6.44753
1.39466	0.981272
2.87044	1.10617
3.52123	-0.842918
0.160833	-14.2222
-13.9311	-0.526437
-1.01748	-18.7652
-21.7647	-24.3615
-26.2796	-10.0718
-13.0659	-32.8278
-32.1471	-4.17936
-1.48587	-21.6704
-23.229	3.11985
-0.176411	-21.2559
-24.394	-14.1449
-4.7799	-11.3118
-7.38142	2.08412
5.93256	3.71047
3.35395	16.8883
20.1377	4.88219
4.04307	3.98928
0.597365	-0.51289
-3.90627	-1.1898
-1.19092	-2.34872
-1.79973	-4.46029
-4.41698	-5.51003
-4.93392	-3.83294
5.76448	-12.657
-6.43653	-4.84787
-2.13595	-3.76687
-1.73808	-10.6293
-15.5634	-0.247652
0.98169	-8.36839
-3.21966	-11.5415
-19.0566	0.0535478
0.945977	-7.64002
5.56468	9.29455
7.21328	6.46333
8.52459	3.76186
10.2702	7.93467
6.10596	3.48003
1.38249	1.95542
-0.167098	-2.03588
2.46568	-0.706527
0.950289	-3.83864
-5.40109	-0.645389
-2.88801	-3.91262
-0.155241	-13.0202
-12.2252	-1.87831
-13.947	-16.1632
-13.7814	-12.7727
-14.9613	-6.92684
-12.3505	-18.5177
-14.7041	-19.3913
-19.2916	-6.67852
-5.63415	-15.943
-20.8689	-4.77173
-8.79189	-6.05885
-6.10456	0.4062
4.20989	1.11712
-0.022464	5.01369
5.65704	8.78514
8.40088	1.83918
-0.374149	-1.5319
-3.51279	-13.2591
-11.9991	-32.8883
-33.6836	-30.4573
-30.4855	-3.9805
-9.68737	-17.7935
-15.1076	-15.5017
-13.6507	-21.6128
-21.074	-7.3225
-7.8407	-1.24702
-1.23935	-9.16754
-11.6222	-9.17523
-5.39323	-5.56864
-6.92366	3.008
4.15749	11.801
15.1452	4.38454
5.05708	-1.10741
-1.55839	6.89135
0.597255	2.61904
1.98969	-0.171886
-0.899238	0.828038
-1.2762	-5.16136
-3.3064	-27.4727
-28.2797	-37.1667
-33.9776	-3.47347
-4.31273	-21.2194
-21.3024	-14.7268
-15.2679	-11.0759
-11.4119	1.57875
-4.31562	-9.78489
-13.3667	-7.20571
-15.9241	-13.1026
-5.68339	-16.1702
-16.0837	-13.0481
-8.59464	-11.3017
-12.6833	-9.68028
-7.23573	-10.9639
-10.6319	-4.24186
-1.63529	1.86933
2.91176	1.69298
1.38809	1.10684
-0.70272	-4.78971
-4.85904	-5.75121
-6.87655	-8.07074
-9.43217	-20.6208
-21.4811	-20.0003
-20.8414	-28.7221
-17.8495	-10.5781
-22.3221	2.99468
-7.92104	-8.80985
-3.70323	-0.974883
-4.38014	-0.783741
-7.20124	-1.98398
-5.60546	-1.74138
-1.04878	6.78688
-1.67136	-6.29818
-13.047	-4.97523
-11.4103	-3.26672
-5.11983	-1.41172
-2.90068	-1.10881
-1.74307	-0.897265
-0.274052	-12.4851
-15.0907	-20.8492
-19.8167	-14.0851
-12.5275	-16.1011
-18.7695	-7.60015
-12.4116	0.689455
-6.9459	-12.0802
-14.0595	-7.57557
4.26286	-19.3044
-15.5648	-16.5155
-9.41294	-2.50937
-7.82574	-24.1767
-21.5445	-5.68843
-6.36524	-7.79226
-12.1197	-2.44092
-0.178219	-4.72773
1.83508	0.182657
3.19884	0.870761
2.24578	-0.508933
-0.510185	-1.06789
-2.70451	-25.9462
-28.3871	-1.26257
-4.43678	-10.3547
-19.5257	-0.765251
-2.60169	-4.72649
-3.7009	9.02825
3.75395	-9.62904
-4.18576	5.27655
8.56726	-5.83723
-9.14966	-6.91519
-3.93219	16.546
8.7298	-4.31155
-18.9214	11.9101
11.1038	3.92808
-5.56601	7.72423
1.10241	-5.54585
-6.51275	7.20324
0.0463592	-2.53849
-0.522604	1.5513
-0.328884	0.234731
-2.40521	-20.2826
-16.4909	-10.8613
-14.4967	-5.06417
-0.619991	0.251122
-0.387382	-2.54379
-7.81182	-7.01531
3.13165	-6.6205
-5.42958	3.0099
-2.32406	2.25244
-1.96002	-2.24967
-5.1962	-1.39015
-0.951621	-4.10774
-3.34874	3.12733
-3.21803	1.95848
2.58545	4.96158
7.06453	6.71288
2.62064	2.25735
3.9772	3.68676
-6.07309	-1.26191
-15.3644	-2.30501
-5.83491	-1.79637
-9.28283	0.577573
3.80527	-2.70219
3.42184	4.14107
2.036	7.31436
4.3324	1.79829
3.17237	1.2009
1.29025	-14.6129
-15.9635	-8.04383
-8.28509	-22.7657
-23.4672	-34.1875
-32.9473	-7.02496
-4.92932	-24.3152
-24.1431	-2.16197
-0.946368	-13.2474
-15.4829	-20.4988
-18.215	-14.643
-13.0497	-12.4189
-16.4293	-10.8428
-2.7064	-2.65973
3.55147	-4.53717
-9.78341	-2.21828
2.30104	0.265535
0.0104427	4.20828
6.24614	0.493289
-1.84748	-2.77998
-0.455691	-1.07627
0.767117	-22.5499
-21.2117	-19.1771
-18.3501	-6.33921
-14.238	-6.80412
-8.20023	-31.1519
-29.7425	-16.0821
-11.5286	-12.2835
-9.86462	-14.5989
-10.9921	-2.18282
0.14517	-9.93867
-10.2997	-7.67275
-13.6098	-6.33356
-12.2288	-3.24638
-8.91316	-14.6973
-11.6834	-8.17946
-5.34921	-1.65325
-5.48842	-0.824953
-4.49625	1.4567
2.7988	1.40699
0.438151	2.0399
1.00222	-5.73031
-6.25279	-22.7253
-23.6825	-1.04971
-1.5309	-14.5471
-24.2438	-21.7275
-15.8233	-12.7857
-27.3911	-6.01234
-2.97877	-12.1803
-13.302	5.48926
8.53319	-9.47757
-13.9795	-9.82353
-12.2307	-15.5135
-13.5874	-9.95193
-7.32463	2.55312
3.36714	11.0505
14.5007	1.33084
2.03346	4.15894
2.64984	0.420445
-0.00834854	0.0972458
1.38679	-1.37583
1.9411	-13.2129
-11.9067	-5.00989
-2.45572	-6.55183
-4.20962	-13.9674
-11.0586	-21.9867
-25.7649	-16.2123
-18.3506	-14.2628
-11.1872	-12.7849
-5.60029	-4.64083
-7.43304	-12.6351
-7.86947	-4.9816
-6.84921	-5.72585
-5.78274	-2.92421
-1.34014	-7.91645
-9.18505	-4.04934
-8.60751	-7.96832
-8.50175	-8.40461
-4.44134	-2.52939
0.547713	-1.66424
0.124081	2.15416
2.85243	-11.1598
-12.7289	-29.1085
-28.8399	-21.404
-21.3992	-12.0269
-15.3758	-26.3585
-27.5182	0.687269
-1.47607	-18.0071
-17.8581	-30.3264
-23.5141	-14.64
-20.8344	-9.46389
-0.304196	12.1276
21.6534	17.6697
16.9632	7.98982
10.8109	-5.37567
-8.55494	-9.70611
-8.48198	-7.62943
-2.49398	-3.45147
0.853069	-1.42711
1.73409	0.938771
1.32591	-1.38861
-1.29151	-25.1504
-25.4752	-9.94364
-7.12708	-12.9904
-14.0326	-3.77599
-8.68615	-10.2279
-11.3767	-0.824419
6.6112	-2.56417
-4.6841	0.46793
8.71971	-0.599708
-8.44807	-0.0428592
7.57483	-6.85144
-4.89613	1.87429
0.46686	8.57722
-0.00719687	-3.26081
1.0419	-0.155307
-5.4368	-5.01215
-1.45877	-4.10729
-19.2599	-12.4642
-12.2307	-1.01723
-9.67131	-0.984409
-4.99038	4.52995
-8.55677	-8.47739
-13.2002	-11.7561
-7.84473	-2.03976
-7.67351	-6.54423
1.0066	8.98782
0.274569	3.70605
2.11335	-0.43312
-1.28561	1.59824
6.19325	-2.37725
4.39966	10.0197
9.58416	1.09696
3.16102	-1.23702
-1.11597	-16.3334
-12.4008	-16.0185
-15.3283	1.42393
6.02953	-14.137
-17.4152	-7.97107
-10.2641	8.12602
10.5602	-9.78692
-11.0747	-14.9343
1.36874	-6.35116
-8.89759	1.05951
-9.68279	4.00013
-2.94576	-5.95696
1.39728	-1.41243
3.10926	1.89785
8.70175	7.45991
13.9197	8.50031
2.38548	-3.33997
-1.78547	3.04385
2.69685	-1.50891
1.39366	-1.7517
-4.42789	-12.4144
-10.718	-31.0145
-28.9426	-29.4652
-29.4149	-10.4358
-9.20122	-31.2975
-30.5119	-24.2241
-19.4964	-21.5858
-11.2509	-12.4876
-5.02257	-10.1297
-18.8532	-5.04993
-1.86876	-8.23793
1.82553	7.40464
1.55308	2.77216
1.99146	2.94062
3.91403	6.19481
5.86771	-1.33243
-2.11955	3.66662
1.31205	0.324185
-0.729186	0.593292
-0.243768	0.443958
0.575775	-9.90757
-8.42581	-19.481
-16.5969	-18.6413
-12.42	-12.6218
-7.47526	-31.696
-18.9325	-27.3448
-28.3565	-0.367576
-6.30908	-8.0333
-11.5318	-18.1108
-2.75091	-18.8597
-12.8932	-12.1766
-19.8364	-17.2624
-13.5921	-11.1103
-10.15	3.20769
5.04362	7.12028
8.45418	10.705
8.41688	1.91129
0.816838	-3.6871
-7.16182	-2.05629
-2.28523	1.88221
2.5542	-16.9576
-8.75948	-5.42038
-12.0758	-8.18988
-12.9719	-36.7271
-35.5537	-11.4486
-11.9073	-24.9469
-19.3731	-28.2983
-31.784	-18.8834
-19.3425	-13.2074
-17.8334	-11.0004
-13.4473	7.27239
6.68611	-6.78933
-12.7638	-6.96792
-8.69705	0.95099
4.985	7.72811
9.40478	2.07026
6.88314	10.9242
5.26842	-4.34589
-2.65636	-3.23053
-1.41509	2.05346
-0.560207	-16.5434
-9.82947	-19.7905
-22.711	-21.7534
-22.0531	-26.1083
-21.0383	-23.4591
-7.24294	-6.93059
-2.79285	-4.0254
-2.90882	-18.6829
-16.2308	-9.66109
-8.48688	-4.20731
0.0527327	-3.44843
5.85558	9.43341
8.62663	4.62739
-2.94855	2.6065
0.139956	-4.03846
5.35737	-8.62501
-3.68435	6.40218
7.2647	0.14749
0.755811	3.73623
3.61653	1.92842
1.44553	-12.5858
-13.2707	-6.35971
-6.32264	-16.9573
-17.8702	-26.4405
-22.0154	-11.6621
-12.6412	-13.4175
-9.08761	-9.32602
-9.47561	-1.72809
-10.3459	-10.9473
-11.7923	-12.3521
-11.7851	-13.3656
-8.78072	-16.5347
-15.6477	-11.4242
-5.98454	-10.1649
-11.481	1.03327
1.04012	-2.85805
0.728501	4.19629
2.92208	5.26618
5.904	1.92223
2.84058	-1.69452
-0.911642	-21.5012
-20.1465	-34.364
-35.114	-12.1023
-13.7636	-4.62537
-3.4005	-14.3563
-15.9531	-21.0012
-15.9546	-11.6847
-8.64446	-24.9866
-25.5873	-9.92834
-10.7022	-12.1887
-20.0111	-4.77576
-5.14844	-10.6307
-12.4083	-10.9704
-6.52479	-4.96082
-2.69884	-7.45068
-0.654212	0.257218
5.47448	5.50939
6.09858	5.85756
6.35799	3.79145
2.64495	-1.39209
-2.92257	-14.8599
-14.7642	-24.9937
-17.901	-3.8916
-13.0128	-6.84147
-8.86752	-10.6514
-4.55952	-7.00782
-8.8804	-12.7465
-14.446	-20.4381
-15.3052	-3.80915
-7.3307	-10.8856
-18.4484	-8.68579
-10.6321	-7.93576
-6.15876	-8.73806
11.4636	-10.279
-1.07789	0.402468
-4.7709	-4.73546
-0.63319	-9.78189
-10.1205	-2.79216
-0.716211	2.57338
1.85965	0.516462
0.284158	-10.3116
-8.19408	-28.2972
-23.1677	-5.05849
-3.12692	-7.89555
-18.8221	-23.9
-14.1213	-8.20736
-7.00526	-17.9272
-14.2106	-14.8855
-18.6068	-1.1205
1.15978	-8.43567
-7.87444	-21.1823
-18.3082	-12.1578
-13.4298	-2.29366
-6.02787	-3.55085
-7.24815	-6.89847
-7.2861	-5.44514
-10.1939	-1.57434
-1.31104	-3.05944
-2.20948	-3.75699
-2.41042	-1.00312
-1.66055	-11.1251
-11.1789	-9.58652
-8.1383	-19.2787
-19.7089	-23.5835
-26.3878	-11.652
-22.2468	-17.9332
-24.9343	-15.452
-4.93127	1.62161
4.01164	-12.2077
-12.8692	-1.42815
-1.47993	-17.8967
-26.0074	-20.2578
-16.3849	-14.3925
-9.76106	-7.30224
-4.38001	-5.19752
-0.25248	2.21819
0.768773	-2.35229
2.20634	-2.90916
-2.19973	1.55036
0.280434	-1.26619
-0.362173	-15.0369
-19.2097	-18.5946
-19.5303	-5.30986
-3.51178	-9.06682
-14.4166	-6.7078
-7.80103	7.946
3.08978	-12.1013
-1.02782	0.486144
-3.65836	9.30811
-4.7771	-2.73344
-2.66086	3.11741
7.06574	4.45764
-1.26588	2.19349
7.59251	-1.39454
-4.46185	-3.64124
-5.43985	-2.60736
0.36334	-4.85807
-2.94555	-3.97105
6.93651	2.88109
3.26434	-2.23021
-5.26065	-0.471084
-3.33812	-5.43383
-1.78627	-2.0646
1.52607	2.53579
5.03485	2.82707
-0.375441	-0.504704
4.39096	3.78143
6.14011	0.708924
-0.25347	-3.98218
-3.91263	-2.08033
0.832008	3.87123
-2.52272	-1.81795
-2.48307	-1.33213
-0.217232	-17.1075
-17.0475	-7.93925
-17.7783	-14.7866
-14.5686	-28.1798
-27.6135	-17.7188
-19.6587	-4.76694
-8.71513	-11.9961
-14.6609	-21.6561
-22.7063	-4.73631
-10.5422	-28.8238
-10.7471	3.33544
0.785879	0.60152
6.34615	5.29014
0.263747	-6.16462
-0.629553	-1.62543
-4.81246	-2.93641
-0.66653	2.51177
7.38622	6.04753
4.69038	2.04588
2.99848	0.0653379
0.407296	-13.329
-15.5674	-11.1133
-13.6987	-3.67082
-4.60164	-7.97463
-21.088	4.38418
-9.79465	-25.9107
-23.1372	-4.12818
-5.38465	-5.65361
-4.0414	-4.35174
-6.72828	-13.2535
-14.5258	-14.7912
-14.7484	-16.7635
-15.1255	-7.5033
-3.39745	-11.4442
0.265886	2.09087
4.06935	-1.85644
1.928	2.7797
3.11431	6.91307
3.95422	0.0694258
1.24374	-0.482998
0.445313	-18.4012
-17.0384	-11.1957
-9.64201	-9.55461
-1.23933	-22.8064
-18.9784	-1.30644
1.65406	-6.2058
-5.19508	-7.85304
1.2914	2.09485
1.65517	-11.1034
-9.90011	-12.0528
-25.6849	-3.15039
-3.45573	4.72594
-0.0976902	8.14681
9.265	13.9382
10.0536	24.0568
25.8854	0.76614
3.45892	0.278226
4.3007	-7.15722
-4.96629	-3.57279
-3.97249	-3.19583
-3.74576	-15.1193
-15.4333	-29.9272
-25.5078	-23.0332
-24.3877	-11.636
-13.3117	-25.2282
-15.3389	-19.3946
5.11995	-8.95343
-4.69016	-12.839
-12.6996	-5.71951
-18.0077	-11.3079
-4.7844	5.78501
6.51068	-2.11711
-3.66866	-2.85504
-0.872595	-0.0564637
-0.233467	2.67083
-1.41999	-1.71856
4.85422	-1.85876
-1.26757	-2.41603
0.279371	-1.43774
0.12562	-1.32928
-0.756026	-10.2409
-11.7967	-12.3176
-8.8746	-10.814
-5.25442	-27.9249
-33.5041	-24.0107
-18.0942	-15.589
-15.1875	-18.3207
-19.9336	-17.1799
-14.3222	-5.21245
-7.2019	-25.3776
-24.7722	-8.64826
-5.77408	-15.4962
-23.4305	-5.21791
-0.499809	-4.93881
-5.17779	9.66973
11.0978	6.74252
7.73813	9.10419
5.4897	-2.89249
-3.19704	-2.25966
-1.55097	-2.28099
-2.25123	-20.7718
-20.3969	-2.022
-3.29912	-27.1801
-29.2316	-29.6062
-30.2276	-11.1722
-11.1072	-34.9466
-33.1161	-7.90515
-6.59752	-20.7456
-20.0505	-10.4675
-11.6549	-22.508
-19.1684	-10.16
-0.301174	-18.7571
-13.7742	1.92012
22.4947	16.2402
5.62314	-2.96924
3.27763	1.12933
7.51857	2.61193
0.775389	-3.75891
-3.60255	-2.3146
-1.72381	1.34883
0.129298	-2.58243
-0.282829	-16.4964
-13.2319	-31.6204
-34.1899	-16.2245
-21.5947	-16.2659
-20.4994	-9.86
-22.058	-14.1501
-9.49769	-10.7816
-18.1869	-3.12059
-16.624	-14.8471
-21.7394	-9.78646
-15.6313	-9.25487
-8.80774	-18.1056
-16.4941	1.88157
0.588428	7.95758
6.50984	-1.11828
-3.22426	6.26928
5.14335	7.17634
6.90139	-0.875791
-1.76507	-1.69393
-2.42918	-10.2229
-17.5464	-14.9381
-19.715	-16.478
-16.2451	-8.36223
-3.62986	-23.4294
-21.8363	-8.16604
-10.5108	-19.8505
-22.6566	-12.0397
-10.2465	-16.34
-16.7131	-17.5601
-17.427	-11.2877
-14.3889	-12.5528
-10.3867	-6.40025
-8.99735	-6.13912
-8.82999	1.95267
4.45458	3.59026
2.34028	4.01894
3.4957	6.10422
7.54537	2.85559
2.57912	-2.45514
-2.11092	-7.67717
-7.68758	-10.7925
-16.5857	-6.45445
-13.412	-32.6346
-31.9706	3.80179
3.23071	-13.352
-11.7025	-25.978
-26.0104	-7.33253
-7.55162	-16.6834
-14.9527	-20.7356
-23.8594	-8.92155
-11.6147	-6.89837
-4.46061	-6.47407
-16.1977	-3.49599
-5.87616	3.92244
8.72753	6.73392
7.96591	3.90656
1.92765	6.71122
5.39645	-3.50983
-3.173	-1.2662
-2.76171	-6.75476
-12.679	-23.6285
-24.4844	-9.72613
-1.97013	-31.268
-22.4652	-17.5513
-11.4677	-26.655
-24.9122	-6.97397
-19.5131	-24.3539
-23.5096	-6.91926
-10.2292	-12.6306
-6.51991	-4.11148
-5.87181	-0.791052
-2.5618	9.48029
10.1254	10.835
10.142	9.50211
11.38	10.002
8.88178	5.11445
5.4824	-5.45142
-0.779917	-3.60382
-3.02372	-1.83816
-1.70389	-7.0417
-6.23701	-13.893
-10.8609	-7.18367
-9.24409	-7.61404
-3.89931	0.512577
-8.2473	-7.26019
2.46849	3.007
-4.1307	-14.3413
-12.2524	-12.8017
-0.206074	-4.69524
6.49094	-3.8125
-6.81627	-8.66789
-7.3773	0.129492
-2.16632	-4.96716
-4.12467	-0.987891
-9.53848	-2.26109
-7.58483	-2.75045
4.08069	2.9076
4.87089	-0.863187
-0.159455	-1.67129
-0.420592	-7.22151
-7.52334	-15.5336
-13.9317	-7.09359
-16.5017	-31.906
-30.2897	-5.69042
-9.25711	-29.3168
-29.8451	3.02962
-0.235742	-12.3344
-4.30036	-3.67454
-11.8073	-6.2622
-3.37472	-1.05029
-7.96342	2.0685
1.42101	-3.2272
1.57713	-3.78316
-4.06493	-2.47876
3.00799	-8.68133
-6.5375	0.652487
1.31311	3.03686
0.660187	1.83462
1.53183	-0.929831
-1.47194	-19.9365
-10.3348	-4.79522
-5.17602	-19.2651
-21.5907	-32.12
-29.4457	-5.04661
-6.39229	-16.1904
-17.0871	-3.97723
-8.13651	-6.90705
-11.195	-2.91587
-3.44647	-14.3095
-9.72614	-6.62719
0.568133	-7.7788
-6.49607	-0.075349
0.726901	-11.4072
-13.9945	-4.34424
0.924582	-5.24305
-5.98938	1.96065
-2.67196	-3.63601
2.90762	0.663386
0.772661	0.698425
1.02061	-14.2027
-14.3949	-9.81445
-10.0424	-4.51924
-8.20296	-14.9439
-10.7384	2.62383
2.18352	-10.2066
3.26806	-8.51392
-16.2404	-6.64273
-5.32253	-8.06296
11.4901	-10.2263
-17.8047	0.629831
-5.21763	4.18601
-4.00769	10.8435
1.01619	-3.40392
2.97128	-0.488849
3.61073	-5.26555
1.76121	3.55927
2.52879	0.417773
0.901119	0.0239793
-2.28641	-0.475217
-0.16472	-30.6208
-32.8731	-25.1278
-21.766	-7.00053
1.31042	-14.4069
-20.8217	-7.03329
-9.3099	-12.7533
-8.65003	-12.2661
-16.21	-23.7769
-25.2817	-4.59798
-8.99502	-17.8351
-18.904	-13.9139
-12.7536	-1.26066
-5.01708	-11.7918
-11.2202	-5.32844
-2.48158	3.4191
6.88212	5.36574
1.82291	0.59206
-2.04857	7.05634
1.98667	2.43764
3.85959	-0.0789116
-0.744183	-12.9531
-12.7042	-15.2832
-15.4301	2.78081
-2.94035	-16.9018
-19.2857	-7.192
-14.0774	-11.8911
-8.89878	-9.0091
-8.27388	-28.0774
-28.2215	-9.82791
-12.2471	-15.9898
-19.779	-8.58861
-9.4353	-3.52877
-10.0507	-1.30243
-8.10334	-8.36457
-0.347865	-0.930673
-0.415612	5.13044
5.82805	-0.65226
1.58515	6.64081
5.3436	1.64215
-0.265408	-1.97131
0.517624	-19.4453
-19.5867	-11.2045
-10.2503	-23.0039
-24.9382	-28.7673
-28.9049	5.84948
4.61717	-26.5305
-27.2041	-17.056
-19.0958	-23.1314
-21.7819	-18.0711
-13.5318	-5.48909
-9.83917	-9.63113
-1.28672	9.82886
10.1319	11.0597
9.7119	16.8872
16.1056	8.47858
13.0225	-3.75229
-6.47288	-4.56494
-6.3417	-5.65272
-5.14929	1.81305
1.74478	1.23492
0.932205	-9.66391
-7.29142	-21.1274
-9.04156	-8.04989
-4.85531	-14.461
-13.626	-11.1304
-3.89633	-15.2356
-4.60148	-15.6186
-9.39316	-17.6891
-1.95252	2.55669
3.16158	1.1374
-9.14447	-5.75698
-12.2776	-17.4043
-16.5155	-2.76165
0.819036	-7.05282
-14.1999	-2.80706
-9.86769	-7.3249
-8.06165	-5.2875
-6.17803	2.31543
3.22412	2.64996
1.65303	2.09432
2.68419	-18.0419
-14.9304	-3.31758
-0.597135	-5.01244
-4.4624	-23.7653
-19.0019	-10.6902
-15.9385	-9.94993
-1.05081	-4.79161
2.36412	0.340068
0.479275	-3.32387
-9.69556	-8.17592
-5.6588	-2.44107
6.72703	-3.42601
-10.8606	-1.5565
10.1979	1.52867
-3.55663	3.01724
2.19362	-2.29365
-4.40757	1.35787
0.236895	2.6962
0.745325	-0.618181
-0.983591	1.81737
0.176095	-26.3594
-28.1023	-9.91299
-12.0132	-1.92606
-4.81456	-14.7477
-16.8559	1.37905
-7.18959	-0.47888
-6.30748	-13.0262
2.08223	2.4131
7.47298	4.14283
4.64069	-4.49445
-7.27092	2.81843
3.45497	7.39535
-14.3528	8.06353
-3.35109	-6.45482
-9.43167	-2.32552
-4.46404	-12.8279
-10.0444	-6.62764
-3.74936	-6.07935
-2.61708	1.35261
-2.96969	-0.711662
-0.982212	-27.3927
-29.4007	-14.4693
-8.04087	-2.49866
-4.55761	-8.49695
-6.60904	-1.05796
-3.1623	-12.1065
-17.2798	-7.07154
3.62403	13.3638
2.89171	-8.46185
-3.0398	0.563055
-0.111708	0.593973
-4.88474	-5.5153
-1.05654	11.5853
1.10148	-12.7016
-5.09587	12.2166
2.38822	-7.07569
0.223446	2.65809
1.66428	-4.24926
-4.48806	-0.264293
0.716088	-1.30079
-1.24338	-13.936
-13.1336	-11.0224
-15.5441	-4.92145
-0.251525	-6.94935
-5.72178	-10.5373
-12.9139	2.0821
-7.83329	-2.05402
-6.55089	-1.58691
0.652323	-11.267
-6.63124	15.6711
6.76612	-2.07937
1.00317	5.23234
0.967842	1.88792
0.632888	-0.0734576
13.7767	-0.101595
-4.18683	-6.73403
-6.99436	-2.78657
0.388118	5.33003
0.166722	0.365644
-1.05142	-0.466219
-0.627753	-22.3774
-18.3358	-11.9
-8.50703	6.74213
5.45856	-5.13623
2.33715	-4.97603
-2.90103	-2.93189
-7.54895	-9.87448
-5.9582	-9.21082
-9.27934	-9.82263
-10.3238	3.10145
-10.8364	-13.0906
-8.93418	-2.49101
-8.42668	-5.45907
0.750283	-5.1333
-11.5755	-10.5323
-10.7994	7.08121
4.58442	5.62406
4.14798	3.64029
3.40556	8.99416
7.8464	0.453976
1.00023	-1.51501
0.0843502	-12.4936
-12.8297	-6.61786
-5.58205	-4.2542
-5.51602	-11.0164
-19.4329	-26.7657
-28.3711	-7.38987
-2.01416	-12.2873
-14.3318	-22.9942
-21.5726	-5.31837
-8.688	-13.9482
-6.77804	-16.4251
-12.6691	-8.31809
-7.48663	-6.10973
-5.13313	0.296777
2.17256	1.19616
2.57686	4.86703
7.56386	5.6353
6.19912	0.727954
0.222205	-4.89423
-1.54291	-2.3929
-1.38345	-7.65034
-11.8885	-27.9945
-26.6256	-2.53506
-6.90724	5.6475
2.70455	3.07323
3.8426	0.0589527
3.66172	-1.00546
-14.4835	2.56251
-12.0228	-1.34549
1.06379	-21.261
-4.80257	-5.45768
-6.61023	2.11414
8.38379	11.015
19.3221	12.0493
15.7872	2.26977
7.15123	-7.1074
-8.1693	-5.5147
-5.36025	-10.6778
-6.84012	-4.37394
-3.21271	0.226933
-0.830274	-18.9203
-13.1965	-13.0095
-20.3872	-13.9137
-15.9262	-30.2756
-25.4567	-14.1951
-6.3868	-0.955551
-4.31029	-22.2248
-17.7946	-17.1448
-19.0739	-12.5541
-12.0887	-27.7194
-22.4924	-2.51473
-4.40528	-15.0665
-10.5261	-14.9717
-5.48924	-0.546169
-8.08321	11.5792
11.5782	12.0355
9.20207	2.68541
3.3006	0.920702
1.74582	-2.88731
-1.93447	-2.37645
-3.38577	-6.31136
-6.54823	-3.37096
-3.89034	-4.52502
-1.89139	-23.4938
-10.526	-11.3879
-33.2249	-8.2225
-3.40619	-14.6716
-11.9738	-9.50205
-3.1539	-11.6908
-10.0276	-17.6029
-22.4969	-19.4368
-22.5029	-10.4052
-5.66382	-10.0796
-10.4385	2.02837
2.24585	7.58291
4.96937	10.2831
7.72708	4.36741
1.48342	3.54605
6.10084	0.306439
1.95319	-2.22381
-2.21472	-13.8826
-12.1648	-1.80997
-7.08548	-13.6392
-8.1457	-30.8901
-30.6967	-10.1152
-11.7822	-22.6819
-23.5	-13.28
-16.7859	1.89127
-2.24952	-4.79878
-1.27012	-26.5456
-22.3153	1.85385
-1.12648	-19.6323
-13.2792	-7.09392
-8.75743	-11.6508
-8.0492	-9.02047
-10.5671	-4.56601
-7.49394	-3.75947
-2.98609	-1.77978
-2.36804	-0.982419
-0.769103	-0.33402
-0.257068	-19.9825
-19.4574	-30.2141
-28.6394	-5.20341
-9.33756	-16.0588
-21.7564	-0.993881
-6.45637	0.021794
-4.23899	-14.0852
-9.28515	-14.975
-2.72314	0.653711
-3.35502	-14.6985
-11.4563	1.07414
-9.51938	9.80632
3.23932	-3.52124
-2.4523	-7.04588
-0.612521	-3.88522
7.93409	-4.33285
-7.25585	0.299348
-2.29011	-0.210154
-3.56782	-2.43479
-2.41706	-0.932039
2.48342	-16.5482
-15.0697	2.03012
4.4569	-21.718
-25.9951	-17.8437
-24.1075	-18.6435
-20.9497	-21.1633
-20.5662	-1.78686
-5.18879	-15.0184
-16.2494	-11.3542
-11.4634	-15.7055
-17.2434	0.407869
-3.00209	-9.17222
-9.7545	-2.70937
-2.19773	-5.78713
-5.06061	2.57233
3.71922	8.22292
10.3422	4.63606
6.98358	-1.28821
-3.47441	-2.64638
-4.79173	-2.86132
-2.81796	-16.6086
-19.8286	-3.50984
-5.95443	-2.71154
1.17899	-12.3978
-13.5694	-9.86412
-25.103	0.214561
-5.93474	-19.7303
-11.5586	-15.3624
-10.9759	-25.8537
-5.74214	-13.2817
-25.1826	-2.67279
-6.50985	-5.75803
-5.47309	-5.10451
-3.30528	-5.13916
-8.70099	0.424255
-1.12267	6.46903
5.84967	6.07604
5.15672	7.64434
5.94065	1.49528
2.15419	-1.83649
-2.25041	-15.3641
-15.0579	-7.97187
-8.94526	-7.61882
-6.0626	-35.2794
-37.4568	-5.02265
-3.44541	-11.7343
-6.51323	-15.8894
-15.3342	-13.464
-12.4933	-10.8072
-5.57601	-29.1148
-30.5569	-2.25241
-7.91257	-3.57432
-7.26847	-8.46637
-8.32908	-10.368
-17.1569	-9.61114
-4.16983	2.9943
0.389822	3.048
6.3876	6.14225
6.13845	1.67347
1.60976	-2.2843
-1.59249	-22.5196
-21.2292	-13.3186
-13.6337	-17.2276
-16.4142	-35.8142
-33.8782	1.71425
-2.52452	-18.6878
-11.9692	-15.0796
-23.5061	-4.01828
-3.1937	-7.47059
-9.54471	-22.9908
-21.1265	-17.9955
-23.0768	-4.28179
-7.55886	-5.64753
-0.91028	-4.66639
-8.66654	2.6478
-0.628368	7.68749
7.0581	4.82902
5.7362	4.32901
4.16452	1.87159
2.17133	0.838438
0.217219	-14.1643
-10.3701	-27.5632
-18.8232	0.564718
-0.615873	-16.6987
-15.9597	-22.0939
-23.0036	-20.6258
-14.1769	-9.64879
-7.72394	-26.3231
-22.8053	-23.3957
-14.4837	-8.95934
-2.29003	-6.16515
0.257001	4.8572
-1.4903	-2.24643
1.88542	-1.3527
-9.98942	-1.57879
4.66819	2.2872
-2.1441	10.0768
9.17453	3.01456
-0.70083	1.3233
1.24729	0.149096
-1.2778	-24.8439
-26.6768	-8.82821
-12.4441	-3.98772
-1.96675	-6.32592
2.83957	0.346001
-0.616902	2.75163
-2.61712	-12.1855
-2.36558	-5.66955
-3.90913	-5.3493
-9.61579	-9.85979
-15.1951	-5.88911
-12.3141	-14.6728
-9.51361	-10.5302
-13.0834	-4.03027
-2.6506	3.76569
1.88072	3.67408
3.46464	4.21613
6.41215	4.33113
1.79071	1.18069
1.24697	-0.502111
0.764877	-7.63091
-6.27871	-12.3636
-10.3366	0.680241
-1.26059	-14.1359
-13.8937	-9.31132
-9.10897	-10.2515
-12.6487	-21.3146
-14.4975	-7.43359
-8.95917	2.91789
0.937744	-25.8235
-23.7719	-3.20659
-2.93142	-10.4818
-3.1774	-4.62584
-8.01812	-4.27755
-6.78766	-0.849344
-1.59222	0.854285
-0.119143	3.8613
3.69139	3.37175
3.49095	2.58944
1.95692	0.874916
-2.04417	-15.4437
-12.5954	3.02124
5.11805	-24.1889
-14.487	-25.3851
-14.1706	-11.6087
-8.02045	-5.60862
-7.16567	-4.2409
-6.47744	-4.16076
-2.92021	-11.5264
-10.7835	-5.24736
-4.91172	-16.6969
-2.70507	-9.78605
-11.3708	1.16945
3.30776	-9.02057
-8.47086	-6.29198
-2.83459	-1.34235
-4.80179	-2.19827
-1.03526	0.245478
2.5087	-0.281324
0.440858	0.826975
-1.21241	-17.925
-18.6561	-5.61469
-26.9218	2.96244
2.93867	-13.3543
-8.36623	-15.1757
-13.23	1.43046
-0.479094	-15.1868
-18.2978	-20.5173
-22.7094	3.31868
3.02078	-2.14263
0.655754	-15.295
-7.59583	-9.655
-7.91738	3.18519
7.88351	-17.7471
-15.1263	-4.24817
-6.36134	-9.69587
-7.69499	-3.12242
-6.12596	-3.79887
-1.24446	-0.0606743
1.19885	-1.99373
-1.2236	-11.1307
-13.7083	-5.98558
-8.0129	7.87092
8.72622	-6.37038
-5.99684	-2.71553
-5.86195	-19.1956
-3.20753	-19.3809
-16.8388	1.5307
0.392455	4.64249
1.09103	-4.54785
-6.26045	-8.46217
-4.77361	-8.56793
-4.34461	-1.06596
-5.40507	-10.585
-11.9297	-0.898807
-10.8196	-2.27107
-0.47305	-0.432781
-2.49406	2.58467
-1.29646	-0.84976
-2.88125	-0.145763
-0.404886	-14.2946
8.77173	-0.783342
-0.508689	-1.16977
-9.24608	-3.03452
5.92961	-7.30708
-11.441	-4.51856
-12.4335	-4.79744
4.06813	0.674421
-0.25917	-1.80411
4.05699	-3.01689
5.24806	5.60102
-1.06123	11.3361
6.47903	3.25892
-1.35095	0.133243
2.86317	5.18643
4.57991	3.6537
3.01736	2.13868
1.74797	-1.00938
-1.31422	-17.4984
-16.9854	-16.4703
-16.8871	-14.2694
-17.5978	-14.934
-10.8625	-26.7251
-25.4052	-24.2874
-29.2072	-3.02217
-2.62696	-9.79671
-5.20392	-14.1106
-14.6813	-16.3411
-18.2935	-9.55691
-16.6632	-14.4519
-18.4839	1.14882
0.728523	-10.5852
-8.47372	2.5294
-0.930431	8.91341
7.03306	9.25163
7.40034	6.38588
5.87717	1.09358
0.220185	-3.88285
-3.55323	-21.5597
-17.1295	-33.3442
-33.6238	-24.7125
-22.6181	-5.54244
-15.8223	-2.96818
-6.17918	-11.3223
-12.7377	-28.8182
-27.2523	-29.6264
-24.8309	-19.21
-27.9061	-10.1567
-9.34197	-7.46421
-5.88829	-5.48072
-4.09214	2.46001
-3.32919	5.10203
3.06238	7.04729
2.7589	8.99104
8.17012	0.783183
1.63942	-0.401038
0.360109	0.071053
-1.49743	-1.82711
0.247527	-18.6013
-12.839	-40.2503
-31.7022	-21.6565
-21.4947	-12.3542
-13.5089	-19.2889
-17.2979	-20.3439
-23.0116	-3.54397
-2.48084	-13.1071
-18.1366	-9.31351
-8.93272	-20.1655
-15.6911	-8.3913
-13.639	-2.14221
2.87955	-10.265
-5.6683	-6.03434
1.3493	5.4289
-0.542874	10.5582
11.4197	2.62385
4.81879	-0.142458
3.64991	-1.92933
-0.733217	-2.74579
-2.7605	-11.9634
-16.8126	-15.0711
-9.26497	-12.9644
-13.0223	-10.1011
-13.9339	-11.7914
-7.31467	0.287035
-3.64242	-15.8024
-3.25985	-1.18276
-0.488858	-0.73848
-1.78516	-8.88453
-12.7211	5.33148
7.4835	-2.33122
4.60877	11.8717
23.2492	10.2585
11.0416	9.5882
11.9081	-2.18799
-5.90896	-9.02836
-8.95005	-7.89449
-7.60573	3.24223
4.76983	2.23273
3.01807	-17.3466
-16.7118	-31.7355
-35.259	-19.7592
-19.6103	-4.30127
1.42687	-13.2775
-16.8218	-0.644954
4.19352	-2.52237
-7.71219	-15.2997
-18.6028	1.27511
-2.44057	1.81869
0.0183185	4.22516
-0.440384	-7.14151
-11.1915	-1.03501
-3.92877	-1.04503
-8.47684	-4.72558
0.842279	-0.622876
-3.01469	-0.393658
-2.03708	0.865364
-0.643919	1.50468
0.0692477	1.20848
0.125296	-12.6017
-11.3093	-24.7471
-26.3054	-12.4714
-8.4996	3.19832
2.13137	-2.47169
-1.70085	7.88008
-0.269346	3.63263
8.57897	-13.7186
-1.90075	4.20121
4.32865	-4.40964
-8.03152	-6.9048
-7.0667	-15.6013
-21.8345	-2.37348
-8.36648	5.08621
2.85712	5.2406
9.41182	11.24
7.76724	7.07788
6.86676	3.16096
1.94026	0.934694
3.09704	-2.91055
-1.85752	-21.7751
-22.9563	5.96696
5.66165	-7.5441
-6.24148	-15.164
-22.7515	-15.0098
-16.2453	-20.0226
-5.95283	-12.0705
-9.19183	-10.4319
-9.39433	-10.6177
-5.07477	-25.6997
-23.7876	-5.02315
-5.44091	-5.9547
-1.94506	0.185511
3.83831	5.63964
5.04815	14.4298
13.0341	5.26965
6.65187	3.48153
0.907107	-2.42182
1.46382	-1.75439
-4.12455	-1.04715
-1.59845	-10.6234
-9.09357	-17.2951
-17.9883	-2.58529
-17.0179	-19.7078
-10.7317	-16.3318
-13.793	-4.4763
-10.3949	-30.2267
-24.8551	-13.5084
-15.2949	-12.0914
-10.871	-28.7286
-24.6311	-6.44407
-12.3111	-2.68478
-4.63858	-0.109274
2.13285	-14.7183
-12.133	-1.0905
-3.58906	3.7441
2.71056	5.89638
-0.298983	6.84453
5.02169	-0.780506
0.970581	-2.64704
-2.51238	-8.53015
-8.47535	-11.2006
-11.0087	-2.70501
-1.28622	-28.2005
-28.5651	-17.1957
-19.7718	-19.4871
-18.8173	-13.3344
-16.3671	-16.3194
-14.14	-11.6552
-8.38635	-14.4247
-13.9958	-8.80625
-9.70885	-18.436
-15.9152	-2.84492
-1.05536	-10.435
-10.8511	2.08191
5.37651	1.31499
5.84014	6.63633
6.39226	1.27777
-0.595883	-2.30029
-2.24906	-4.2305
-2.90465	-6.65265
-7.45203	-10.016
-10.764	-16.5951
-17.0784	-22.1914
-22.5082	-17.1808
-16.209	-25.3622
-17.5844	-16.8463
-1.23669	-4.80086
-6.59198	-8.71149
-4.12188	-19.6769
-18.6375	-3.18217
-7.63801	1.06765
-5.63422	8.58165
8.04704	0.870438
-0.386823	7.09929
7.19839	-1.03797
-0.617167	4.39625
2.61399	6.65613
2.78149	5.04909
4.13509	1.07849
0.964677	-17.6866
-25.0918	-15.0976
-11.2826	-8.92701
-5.19251	-9.92774
-0.593627	-5.3475
-10.6931	-4.08393
4.91146	-0.707045
-11.2249	2.52651
10.3021	-10.9689
-14.4516	-7.86
-3.69018	8.55234
3.79278	9.19306
4.66194	4.82615
-2.91509	5.9234
2.52426	1.80895
1.90385	1.164
-1.6868	-2.41473
-2.69069	0.808382
-0.0678002	0.113127
1.81711	0.264937
-0.434649	-8.15162
-9.43087	-24.6164
-25.8844	-24.4344
-24.5007	0.387183
1.95188	-21.6809
-13.4493	-16.2289
-8.12346	-10.675
-8.57675	-11.6809
-10.7127	-10.4313
0.814206	-12.0774
-9.75705	-14.5074
-5.30665	7.40909
1.27329	8.05754
-4.45605	-1.07542
4.35652	2.01959
-2.06229	5.68976
1.53447	-2.09485
2.16702	3.97864
0.748947	1.9725
1.18376	1.74628
-1.2603	-17.437
-15.9912	-9.08109
-9.86941	1.89103
-1.18197	0.0711155
-4.31567	-7.46741
-3.03573	1.95712
5.12433	-1.16254
-0.538929	-3.70156
-3.59574	-14.2211
-8.90498	-12.047
-7.24325	-10.8643
-9.41503	-4.97783
-3.31035	-12.2119
-8.52001	-6.928
-7.76263	-6.38759
-4.46934	1.56938
-5.61001	0.414344
-1.40124	-2.33485
-3.73161	0.95511
3.48632	0.541825
-1.65928	-25.6807
-28.7458	-13.9824
-12.5848	-4.2962
-2.95851	-0.867003
5.16593	-12.1601
-9.03488	15.2344
5.17902	-3.88157
-3.75178	-0.00291056
2.1283	2.98067
3.69464	-1.42303
-6.12059	-7.36737
-0.841161	-1.12322
-4.40219	-1.49213
1.05483	1.43737
-1.51944	0.438292
-0.147279	-1.63975
-2.86068	0.927978
2.97826	0.319753
-0.850727	-2.5245
0.390628	2.79721
2.51014	-18.519
-20.8322	-8.79588
-7.65803	-3.56425
-3.30309	-3.06248
-5.3526	-5.64599
-5.15017	6.51632
7.53029	3.39707
5.10897	-3.18741
-1.57593	5.52163
-0.926629	-3.15617
-10.2959	1.20279
-3.11566	-4.43389
-2.85395	-6.73856
-7.72523	-2.80501
-1.95578	1.63208
5.9328	-11.521
2.37	7.13972
5.56014	6.62171
8.20483	-5.46747
1.0336	10.9928
3.44395	-1.68601
3.17465	1.91731
1.47398	-3.99266
1.98197	-3.38861
0.327223	-1.43489
4.9152	-2.32436
4.80777	-0.314625
6.12133	-0.994701
2.5955	-0.495913
1.11993	-16.1169
-17.1785	-14.8665
-14.5246	-11.7699
-11.6939	-33.7951
-25.5777	-17.6892
-16.9014	-12.675
-11.4492	-12.841
-22.3655	-7.97885
-5.19301	-7.34119
-3.31025	-13.3993
-10.1155	-0.629666
4.79472	-0.66699
-1.08587	-7.78271
-2.20835	-2.21543
2.70685	-4.7401
-0.0407033	2.68887
0.372515	11.8811
7.29242	8.32656
5.74559	0.810805
2.61208	-1.45793
-0.839332	-25.8563
-27.7161	-9.84431
-2.79658	10.6111
-4.82393	-17.1795
-22.0673	-18.5515
-22.7092	-20.804
-21.8584	-13.951
-13.4986	-1.54565
2.07032	-5.32358
-8.63202	-25.8105
-26.1635	-0.9324
1.62569	-20.9612
-15.9067	-8.28355
-6.64134	2.47082
1.78056	10.1949
13.8262	3.24662
2.87207	6.43387
3.95869	5.67949
3.56521	-0.318115
1.28728	-2.92005
-2.32654	-16.3189
-14.895	-14.129
-20.5507	-19.1672
-19.366	-19.3429
-21.7698	-30.8512
-32.7174	-10.4526
-10.4078	-14.784
-16.6049	-11.1894
-15.5734	-13.1015
-11.6083	-15.6415
-10.2064	-24.9006
-18.7034	-8.8177
-2.73842	5.92893
13.5064	5.04954
4.15582	17.7403
15.7314	4.32288
3.30603	-1.49906
-3.33317	-0.914317
0.649416	1.17626
1.02089	-2.34873
-1.33308	-18.2001
-16.0271	-13.0199
-18.0558	-15.9027
-15.918	-25.8365
-24.3191	-13.7943
-7.84039	2.06061
1.2428	-19.5769
-22.9651	-16.5135
-13.1967	-8.3634
-5.84988	-12.3236
-14.1945	-7.84129
-8.11803	-13.3476
-15.0598	-9.00187
-5.2374	-6.6226
-7.33119	-4.67598
-3.62062	-3.83169
-0.414316	-1.03119
2.82764	3.89774
2.74541	2.37968
2.76358	0.864452
-1.9569	-6.68195
-5.21997	-5.17529
-11.085	-0.0709361
-5.55505	-8.50417
-12.8183	1.49559
6.83828	-8.27171
-3.36954	-18.5989
-21.0813	-12.3286
-20.7088	-0.312268
1.2447	-19.6037
-18.8999	-10.0759
-14.2087	-7.67753
-6.53886	-1.84676
-4.95298	-10.5651
-10.4157	-3.06766
-12.4455	-2.85275
-4.15338	-2.35056
-4.06511	2.64019
1.45407	1.01673
3.15836	1.53512
1.3068	-5.56656
-6.06553	-20.2039
-18.4877	-21.4889
-14.9353	-11.5362
-12.2907	-27.0438
-21.1064	-6.66174
2.39118	-7.48164
-19.559	-1.24572
-0.593089	-8.84336
-4.42716	-4.29974
-2.55853	-4.9947
-5.82874	2.63734
-1.4275	0.453477
0.533431	-2.5311
-3.6227	3.95824
-0.995261	-0.320045
-0.755117	-1.6495
1.39897	2.81209
3.84306	-2.41264
-0.185497	0.0450884
-0.876395	-28.0082
-19.7306	-10.2073
-23.4513	-16.5265
-14.6681	-21.9217
-20.7485	-5.71192
-4.58312	-4.46075
-5.61254	-21.1346
-19.1603	-17.4115
-19.0388	-4.99183
-6.0467	-16.8174
-14.1126	-6.74871
-6.30263	-9.87583
-9.54422	-7.37898
-8.39448	-7.99867
-7.08498	-10.1992
-7.40085	-3.06025
-3.43993	0.412581
-3.07754	-3.34371
-0.584992	-0.0777353
-1.61618	-1.97934
-1.25532	-18.5834
-9.9779	-24.8368
-17.185	-15.9593
-13.6833	-13.3398
-12.5016	-23.8677
-20.8584	-10.9659
-16.4495	5.6454
1.43809	-9.97695
-0.909747	-7.13302
-3.97574	-13.608
-11.6126	-16.3895
-9.95043	-12.0539
-11.1309	-4.42647
-8.81166	-7.47542
-7.07482	-11.1138
-9.12237	-5.28573
-9.82961	-5.66738
-5.36456	-0.483557
-1.69184	2.54241
2.40952	0.521195
-0.292699	-20.0278
-27.1783	-8.09202
-11.4811	-10.1308
-7.37628	-4.26929
-8.74994	-8.34612
-10.6169	6.1357
10.964	-8.87823
-6.16343	5.18941
-1.18093	-8.3507
-6.65206	3.01475
5.16424	-5.64125
-2.52864	-1.40516
-0.122943	-2.46103
-3.60571	2.25312
-2.33156	0.297926
-1.66817	0.052837
2.00065	-1.31277
2.76887	0.488319
3.51877	2.21218
0.749084	-2.27582
-0.281615	-14.7639
-17.8483	-27.6471
-30.664	-17.4919
-15.4705	-10.3249
-6.75158	-15.1904
-13.1821	-5.87104
-12.2582	-16.9881
-11.1855	-18.4244
-22.6964	-2.80797
0.206936	-17.9207
-17.8367	-5.64242
-6.72863	4.18946
5.85559	11.5126
11.8278	8.46732
9.46608	8.71278
9.84883	7.56382
8.09038	3.43022
1.85021	-2.25308
-4.155	-3.6586
0.408351	-1.72672
1.43326	-23.527
-25.177	-27.264
-25.6154	-11.3592
-12.0058	1.30086
-4.35645	-8.8478
-5.29486	11.622
15.3749	7.70172
2.32704	-19.6491
-6.09441	1.02367
10.3479	-5.03467
-4.5497	3.28432
-4.15446	1.01761
-7.42989	8.83013
8.37819	-3.52659
-1.16448	1.88639
-7.94384	-8.57334
-5.82248	0.685427
-0.645762	4.31646
2.42533	0.154278
-0.421502	-0.438543
-1.33425	-16.2518
-17.9069	-20.3234
-17.6672	-2.16375
-1.82105	-4.60093
-17.6795	-14.5288
-17.9114	-15.0513
-17.6913	-14.4486
-24.7187	-5.86438
-5.62164	-15.2762
-13.0117	-24.9904
-20.0529	-6.18973
-11.4614	-17.5017
-13.0338	-9.30349
-9.86632	-12.0856
-13.57	-2.51272
-2.19652	0.834458
-1.82421	0.455119
1.01523	4.64514
4.17519	2.11359
0.804754	2.05648
0.837224	-12.434
-17.3442	-9.1721
-14.8142	-10.2276
-7.76703	-11.5092
-3.4011	-6.74293
-11.0875	2.42433
0.836914	-15.478
-14.3506	0.738396
-1.13753	-13.7029
-12.442	-2.8404
-16.3201	-2.80631
-1.16209	4.83389
-3.29665	10.3328
5.15123	4.15724
-0.646531	6.91322
6.67899	-3.26555
3.84704	0.247844
1.79381	4.0163
1.8937	4.99195
5.59374	2.62925
2.55434	-17.3843
-15.9979	-13.9523
-11.7433	-20.8748
-20.3477	-31.4547
-34.1953	-6.90169
-3.88062	-26.1873
-2.40883	-8.38718
-11.1145	-14.4586
-16.2813	-13.6431
-19.6863	-8.68576
8.97489	4.50225
-1.61884	-8.74315
-3.16532	-0.977472
2.73096	0.312596
1.7431	0.94907
-0.699804	-2.66394
-3.90335	0.6475
0.507523	-2.85333
0.41881	2.46479
2.37716	1.65199
2.68536	2.61065
1.40752	-9.18839
-9.31583	-13.3847
-8.18339	-24.3777
-27.7866	-14.8153
-16.3006	-24.7199
-28.0714	-7.53713
-12.9612	-5.21054
-1.55359	1.86544
-12.1603	-4.37427
-3.58654	3.71938
0.371397	-7.01973
1.05246	3.89143
1.22088	-2.61979
0.983876	-5.94984
-4.53467	-2.14575
-8.33895	-7.84467
-5.71028	-0.130915
-2.08458	-2.34471
0.0516866	-0.476263
0.933186	-13.4751
-11.9497	-6.98202
-3.32876	-17.9607
-19.4265	-24.8515
-21.8782	-5.04421
-4.20011	-14.3215
-6.9061	7.96389
-3.06477	-0.321406
-6.93605	-12.6663
-16.4896	-9.79784
-10.026	-0.130049
2.39823	-0.773263
0.117647	-0.0221911
2.99685	1.33401
5.96169	-2.28044
0.880744	0.836063
-1.35496	-6.57369
-0.539078	7.79697
7.51585	4.35896
-1.108	-3.10692
-4.4099	1.1012
10.9425	-0.466083
-6.70294	-3.16404
-5.70818	-3.6367
8.93096	0.514159
0.645666	2.04545
-2.04924	7.966
6.04399	-5.97764
-1.27701	-1.83359
-2.47022	-1.26937
-3.7901	-1.09953
0.20984	0.948921
2.39966	0.950036
2.47626	-23.2617
-16.6167	-30.119
-26.5904	-16.5931
-19.2182	-26.857
-29.637	1.98877
-4.78527	-9.09724
-18.9475	-21.3101
-25.8034	0.882505
-3.28348	-10.0256
-12.3242	-25.9858
-21.4676	-12.9464
-5.8712	-22.3736
-19.2887	-4.61741
-13.3831	7.19838
6.88034	4.83322
2.02287	5.28683
2.04454	9.63918
7.3369	5.11939
3.57671	1.68098
1.66944	-1.83232
-1.50316	-9.08913
-14.4815	-8.43459
-13.9797	-7.81086
-9.72345	-14.709
-18.2516	-5.54754
-5.43298	-9.12885
-11.3243	-19.7947
-10.7161	-13.4581
-12.768	-8.62922
-12.9658	-11.8875
-9.59895	-7.13957
-5.0382	-14.4556
-11.1316	0.644004
2.85133	4.5857
7.10959	13.926
20.1271	3.43468
-2.13225	-3.59888
-5.73515	-10.7481
-9.82396	-0.13127
2.09189	1.45618
2.55212	-12.6391
-15.565	-23.5236
-17.1035	-14.7013
-8.58301	-18.2809
-11.8021	-4.71546
-0.80829	2.76257
-5.49231	-10.3748
-20.2642	-10.5785
-13.8136	-2.43351
0.275518	0.72213
4.35351	-5.14118
-10.3894	11.0436
9.38185	5.0623
4.69929	1.54898
4.60915	6.13136
6.12814	-4.06734
-6.9285	5.9625
-1.41105	-2.2224
1.89667	6.33332
3.69732	-2.59236
-2.34553	-13.7363
-9.37687	-27.2443
-23.9187	-15.5466
-12.8505	-23.9297
-27.4771	-22.7373
-18.687	-9.07933
-6.44472	-16.5023
-16.4012	-7.60441
-15.0733	-11.1749
-10.9959	-14.9567
-20.19	-11.3435
-12.2861	-6.01135
0.0710906	1.85339
-8.33909	-13.2037
-5.48575	-8.56477
-3.33055	3.96831
4.97112	8.795
8.43404	6.78703
5.82793	2.48437
2.17632	-0.111526
0.6242	-22.0638
-21.429	-31.9632
-32.2513	-6.13047
-12.2769	-14.2624
-17.4335	-8.94166
-19.7094	4.87184
-10.8439	-23.5307
-16.0061	-18.724
-17.0169	-12.7371
-13.9957	-17.6382
-19.7503	-13.2359
-8.72495	-22.2102
-21.5826	-2.34735
-2.96089	3.26263
2.66511	1.78237
6.47053	-4.39554
-7.74202	2.41156
6.44404	3.9199
4.35725	0.773539
0.829641	0.84274
-2.0626	-12.6034
-13.3276	-22.286
-19.6274	-5.49183
0.316482	-3.73678
1.32172	-5.62903
-3.10716	-9.0085
-8.56576	-0.0257674
7.883	-5.62554
-11.5563	-11.2536
-10.5256	-19.9956
-16.5518	-3.90299
-11.4509	-9.95378
-6.19769	-7.01202
-8.36814	-6.89998
-6.9648	-7.97827
-7.40923	-3.31878
-4.84335	-1.49813
-1.40057	-3.52093
-3.32791	-0.102612
-0.227056	0.329706
0.677193	-16.179
-14.1721	-27.8593
-23.9539	-12.9726
-15.3821	-23.0883
-21.4185	-5.32907
-8.42739	-18.9003
-23.4168	-23.7251
-13.1283	-5.96755
-2.98661	-13.7806
-9.6549	1.45353
-1.35985	-8.05676
-4.91807	-11.4356
-12.7335	-11.1709
-1.05026	-13.3148
-11.7214	-7.34302
-9.15666	-6.84705
-8.84894	-3.10081
-3.25133	-4.5754
-3.73149	-0.838682
0.463344	-1.17785
-0.187105	-16.661
-16.6311	-17.4216
-14.3527	-3.27209
-2.31056	2.33556
-6.41232	-1.85499
-6.62536	8.79683
6.51033	-0.734926
4.9482	-7.3205
-3.76025	10.8431
2.91384	-6.27769
-12.1536	-10.0263
3.58695	-6.10588
-3.32525	12.4957
8.74087	-2.97914
-4.42593	2.42489
1.04757	0.0121454
-8.31802	-0.0152614
3.43387	2.2479
-1.08767	3.03652
0.534801	0.313704
0.00629147	-22.9671
-21.2041	-11.6116
-12.0178	-1.50467
-1.0612	6.44158
4.6063	-6.52329
-8.0388	1.47184
4.37724	-6.82489
-9.44547	3.74354
0.968707	-9.98592
1.20795	6.08503
1.19125	-4.62151
1.78832	4.99499
-7.46525	-0.967191
-2.28365	-6.21613
-3.07887	-0.0453878
2.46577	-2.70378
3.85215	-0.370611
-16.0089	-7.73749
-5.89283	-0.416554
-1.38597	9.32375
-2.47152	-0.161402
3.01009	4.37319
-8.24017	0.393595
5.51198	-0.377689
4.32885	1.7802
-5.24672	-0.971786
-0.801609	1.29189
-2.72651	3.01235
2.92388	0.646753
-0.298012	0.687684
0.353669	-24.4214
-27.7766	-16.2828
-18.862	-7.33233
-10.4473	-32.7403
-28.791	-16.3981
-18.4829	-9.14306
-12.2349	1.985
-6.72044	-13.2155
-23.5339	-9.2399
-9.174	-8.95826
-10.6044	-18.1873
-13.2616	-5.45035
-10.0513	-2.8203
-6.39911	-1.5555
-0.583554	-10.3071
-7.54595	-0.689522
-3.24964	-3.07826
-4.14251	4.17163
5.37376	1.65168
3.5978	1.54108
2.41254	-5.99161
-4.41227	-19.8096
-19.463	-24.4214
-19.9527	-10.039
-4.91243	-27.0966
-21.7549	-14.1791
-13.002	-0.833378
-1.16776	-22.9313
-20.0131	-13.1494
-10.6544	-13.5447
-14.0372	-16.8822
-14.724	-6.68883
-5.19211	-11.1956
-6.22848	-4.29279
-2.87379	-7.87548
-9.68306	2.26761
-2.20647	-5.91148
-6.06849	1.03373
1.05285	2.06154
1.81598	1.63235
0.101439	-14.3134
-15.2277	-8.83787
-5.76373	-19.2233
-18.4414	-35.0157
-32.7	-11.4333
-9.07909	-33.9668
-31.6054	-2.5019
-8.18049	-31.6746
-19.4844	-3.58713
1.99082	-11.379
-14.1775	-13.8614
-11.178	-3.98894
0.743949	6.88535
-2.594	-2.32351
0.990347	3.43224
-0.0995021	0.238244
2.20063	4.61894
9.538	2.75969
6.04569	3.92368
2.24341	0.0963103
1.59121	-18.3546
-16.1067	-8.15847
-12.8029	-3.56328
-0.523299	-13.0464
-6.84835	-10.0193
-6.41168	1.32517
-1.82864	-5.25616
1.86426	9.50224
-0.74106	1.77207
-6.36476	-8.59532
-24.7097	-7.93963
-9.40701	5.73316
-0.589677	6.93129
6.05735	15.0964
17.9867	23.8139
18.0328	-1.6147
1.634	-4.98594
-4.92802	-7.0818
-3.66979	-3.69663
-1.13734	-1.34063
-3.03253	-27.6409
-22.2862	-7.31903
-8.06973	1.15353
-3.32204	-2.83989
-9.07622	-2.29119
-7.98591	2.66223
10.7274	-0.328593
-8.49127	-0.213459
-6.11857	-11.0773
-0.056959	-10.4356
-9.03156	-10.8289
-0.20541	5.45121
6.71839	0.210158
3.59139	-1.47407
8.10607	1.05199
3.0027	-2.84177
-2.21115	2.67678
7.06454	0.0826605
4.47245	3.25106
1.30518	-0.201314
-0.791723	-27.4479
-26.6869	-18.3671
-13.0508	-3.23422
-3.95899	-9.70735
-16.1778	-6.46946
-9.68009	7.19823
-0.521607	-0.266099
1.36324	1.03587
-13.6335	-6.09611
1.23353	-2.33657
-8.95175	-5.49018
-3.64923	-5.43419
-2.97897	-4.32901
5.87815	2.50484
-1.22021	0.306005
1.25181	-0.199305
2.03544	-0.622477
4.06151	1.06253
-0.632486	1.04225
-0.128827	-0.445434
1.07605	-11.2526
-14.2261	-26.6646
-29.9868	-17.718
-21.91	-11.2352
-13.8333	-21.7993
-17.8972	-20.6917
-32.1883	-10.0228
-19.5615	-12.909
-15.573	1.41748
-3.83958	-13.7472
-9.09581	-12.4319
-10.832	-29.0347
-15.8817	-5.73964
-4.67976	-10.3997
-9.7759	-4.02331
-1.85692	2.83576
0.161509	2.16304
0.692074	8.57344
7.95323	2.32144
2.08845	0.908459
-0.545208	-16.8446
-14.1522	-27.4952
-20.8925	0.0430872
-9.61249	-22.488
-26.9144	-17.964
-9.78701	-3.77256
-3.08984	-16.215
-18.566	-10.387
-9.23282	-14.0298
-5.87215	-21.0171
-18.5628	-13.4776
-17.7478	-12.9689
-2.45553	-5.36494
-1.00456	-0.678847
0.274379	11.9858
14.4825	4.67381
7.6491	1.42296
1.7436	0.715886
1.29271	0.919817
-0.504661	-3.72511
-1.78731	-14.2645
-12.0264	-20.1854
-22.4046	-18.8335
-19.6474	-19.0397
-26.5976	-23.9523
-20.5391	-1.43085
-1.75322	-13.8364
-4.53745	-1.82183
-4.46953	-10.6852
-9.88901	-6.15851
-11.2002	-1.65212
-6.27162	2.79548
10.5731	4.48897
-4.54299	3.23833
5.05272	1.8677
10.1554	-2.61937
-3.41426	1.81275
2.1284	0.378391
-2.66326	-1.55297
0.200875	-0.275581
0.524136	-12.1531
-11.179	-23.7474
-20.8864	-18.7049
-13.4078	-20.0473
-25.1058	-19.3166
-25.1553	-8.00913
-12.6325	-3.56252
3.02134	-18.7424
-26.7622	-5.71979
3.3578	-24.8171
-25.5699	-7.10457
-7.84413	-8.37706
-10.6748	-5.31221
-1.9368	-10.2995
-8.80068	-4.41973
-6.27955	-10.9786
-6.94221	-5.24257
-2.25004	-1.80238
2.23679	3.33192
3.45343	1.63525
2.2604	-12.9776
-15.8722	-28.5857
-27.1291	-23.9039
-23.0344	-9.68458
-9.91556	-18.2738
-22.7776	-3.66504
-1.1562	-6.04075
-4.49823	-15.6753
-15.7532	-12.6374
-7.42995	-20.9869
-12.2696	-11.9953
-16.1384	-15.1132
-13.7527	-11.2565
-7.59689	-17.0469
-13.9609	-0.510954
-7.83488	0.181293
0.735572	7.58821
9.13924	2.22201
3.12718	-1.11818
-2.03849	-2.32258
-1.75444	-14.3161
-12.6574	-3.60283
-6.23463	-17.1065
-9.79466	-32.5692
-17.9782	-17.8342
-13.1984	-15.5975
-11.1161	-12.7596
-9.16761	-19.3245
-20.2296	4.11366
-1.2294	-19.9724
-20.9844	-9.42311
-4.30698	-11.5432
-16.0611	-5.44642
-9.4275	-10.9227
-8.03033	-4.50285
-4.51028	-4.86481
-6.45906	-5.71396
-6.91247	-0.484129
-2.17796	0.0974948
-1.72233	-0.89661
-1.64769	-8.40309
-14.6511	-23.7728
-22.0691	-14.7193
-13.5099	-5.2531
-12.253	-10.7246
0.264813	-0.761764
-0.518108	5.98326
2.64524	11.6822
-2.39441	-10.3813
-14.2253	-8.32677
-10.6765	2.98422
0.229246	0.331659
5.60109	1.78167
4.56439	-1.32958
-17.3275	3.46142
-0.472907	-8.67184
-8.42286	-3.43717
-2.80703	-3.73688
-3.64086	-0.430308
1.22126	-0.724476
-1.22918	-13.4289
-15.1241	2.62993
-0.221244	-15.2376
-18.1162	-18.3924
-18.6904	10.2006
4.09122	-5.53367
-2.48007	-11.276
-14.6475	5.94234
5.73895	-1.34809
-2.16694	8.11799
-5.02739	5.39585
5.72938	-14.2676
-8.53965	0.478325
-2.48235	5.63053
-2.45284	2.37549
12.0559	-1.97433
-2.3215	3.54108
1.53537	0.678729
1.45954	-0.877589
1.02862	0.814179
0.923612	-23.165
-21.8	-12.4016
-14.316	-3.89844
-7.21426	-2.99444
-3.61656	-3.09342
-4.99008	-4.56143
-2.23888	-14.0169
-20.9902	2.25822
3.05376	14.6432
9.54672	-4.50126
6.43882	-0.0585544
2.56921	4.77216
-2.55087	0.852777
-6.58586	-3.80733
-5.37445	-3.87197
-1.41231	-2.19042
-0.745892	-0.190522
3.83072	-1.78665
-11.2252	-1.44648
1.30529	4.23829
-0.0915224	6.03827
9.97895	3.03229
15.5581	8.75133
7.43468	-3.31914
1.72776	-3.13009
-1.54483	5.68533
-4.46119	-0.325375
8.53626	4.86229
0.813824	-1.62191
-0.500791	3.70736
-4.76299	-1.23988
-0.773641	3.8845
-0.248322	-1.09803
2.23672	-2.58113
-2.2674	-14.8871
-14.5146	-27.8767
-24.9234	-14.8844
-1.1951	-23.2302
-25.8326	-17.195
-18.5792	-26.1923
-25.7603	-14.1434
-13.3786	-9.67437
-10.847	-19.1522
-19.4288	-12.1414
-21.5164	-12.4931
-14.6342	-12.5642
-8.13384	-12.8512
-9.14117	-11.9163
-12.0289	1.04707
5.1143	2.00354
5.90915	2.70371
2.82803	4.92505
4.72425	0.939555
0.538092	-0.351594
0.640638	-9.7089
-11.687	-9.12625
-12.9595	-14.3512
-18.171	-21.6233
-15.9775	-12.5665
-15.1104	-8.5956
-8.73527	-18.844
-17.1607	-27.1669
-26.9113	-8.10428
-10.5943	-16.8064
-22.7043	0.404208
1.94606	-10.5583
-16.5964	2.73625
7.06059	3.66331
6.71958	15.7987
17.2104	5.89508
11.4377	0.814501
3.21277	2.48156
1.4068	-2.49099
-2.97101	-4.03652
-2.26011	-24.5468
-20.299	-10.6701
-13.8484	-12.5745
-17.6317	-39.2877
-40.3882	-18.8182
-16.3985	4.75509
1.16523	-16.5439
-16.8202	-12.2725
-20.2223	-8.63171
-6.37688	-28.1008
-28.4035	-4.06578
-11.0365	-6.80145
-11.7152	6.10123
14.783	8.61165
11.5602	18.6564
14.9781	7.53747
9.96962	-0.088044
1.29574	2.00719
1.71569	0.370672
-1.59943	-0.815129
-0.786976	-33.9447
-31.6772	-16.1497
-14.7067	-4.9036
-2.42769	-21.0637
-11.9093	-8.85061
-12.3284	-10.3829
-3.48743	7.49266
-1.49856	-10.6433
-6.98366	-8.73709
-10.4728	-13.2253
-12.5765	-24.3048
-20.4704	-8.19382
-9.23161	-12.6227
-1.26443	0.54125
-2.63424	4.21039
7.98899	9.05046
5.7421	1.15557
-0.0809342	2.22592
3.80785	-0.559811
-1.56832	-1.59468
-1.31924	-17.087
-11.0298	-32.2012
-33.3211	-22.786
-18.5422	-1.88917
-16.1883	-18.6141
-15.1126	-11.5453
-10.2669	-21.1177
-18.7913	-11.1162
-7.04954	2.42748
-1.38283	-21.5665
-17.0383	-5.11602
-5.66739	-12.3432
-9.24386	-5.81271
-0.550861	-8.38239
-6.12944	6.42459
-4.21414	3.70458
1.61309	7.61935
5.38292	1.95327
3.35813	1.74207
4.15514	3.06157
1.84822	-11.9839
-12.7164	-14.2395
-7.14629	-9.25183
-3.96131	-5.56313
-11.8827	-6.46835
-20.9575	-2.5604
8.45093	-19.429
-19.3252	-18.9352
-13.2595	3.87131
6.80154	-11.2602
-8.66245	-6.22214
-9.84561	-9.05861
-10.0719	-7.84226
-7.81125	-7.86407
-6.99341	-5.01826
-6.82432	-8.83027
-6.74747	-3.10922
-5.10922	-0.191835
0.551251	0.000801262
-1.24967	-1.20624
-1.35588	-9.14831
-9.7536	-22.0575
-23.1811	-2.77273
-2.48439	-1.25655
-5.30602	-7.428
-5.31591	-4.99839
-9.42377	-21.3427
-24.7073	-19.6585
-21.9918	-8.55031
-1.83567	-7.9053
-6.06559	-14.1432
-15.9209	-2.1954
-2.80033	-14.5881
-11.2565	-5.69073
-8.22	-0.952218
-3.09888	-8.18967
-5.68129	-1.62933
-2.93953	-1.04401
2.25736	3.11628
2.93178	0.404163
-0.0983366	-13.5449
-14.666	4.28827
3.80326	-17.8509
-19.4823	-22.7692
-25.6441	-20.6982
-15.6895	-25.2171
-18.173	2.35647
1.08265	-20.6182
-21.1563	-8.89213
-1.21538	-16.2573
-14.0021	-9.27715
-11.5912	-7.55805
-9.69585	-7.16882
-3.7067	-9.3143
-9.19137	-0.85148
-0.779064	0.00475054
3.60819	5.27353
4.7601	3.87207
2.63544	2.17431
1.5217	2.21717
-0.471489	-14.4086
-15.8295	-26.4671
-24.776	0.877665
-0.303074	0.27261
-2.33484	5.47749
2.79233	19.2256
4.14071	-12.1713
-10.9595	-6.99655
-11.6093	-6.83621
-4.60092	-5.23412
-7.05825	0.531659
7.06415	-1.53621
-2.89022	9.92
12.5501	12.1519
18.3314	14.8623
16.2588	5.29834
0.629675	0.153735
0.449025	-6.66651
-7.6861	-7.76613
-5.20364	2.46111
0.411106	-14.1073
-15.4553	-27.508
-22.0325	-24.9489
-28.2034	-19.3631
-22.8814	-23.9688
-18.1541	-8.34033
-4.29413	-8.79375
-0.204032	-11.6047
-1.58199	-1.29115
3.36936	-4.93218
8.38045	2.62675
5.23711	-3.17036
0.481449	0.28237
14.2908	5.1086
10.5618	7.76743
8.80149	3.81156
2.34483	-1.89904
-3.87236	3.70243
0.89549	-2.368
-1.35952	-0.885713
-0.0718629	-12.8698
-12.9131	-31.738
-33.4888	-17.857
-20.3499	-7.90752
-3.48113	-21.2013
-21.2364	-20.2597
-13.8592	-6.29586
-12.6133	-5.3011
-10.7456	-13.3262
-10.36	-8.84982
-6.87777	-10.4992
-11.9553	-10.8655
-10.8897	-7.35263
-4.92494	-4.88313
-9.7752	-3.78579
-1.92867	-0.105581
1.17856	8.07714
8.01687	4.79874
5.13496	1.89074
4.2489	-1.91405
-2.15226	-16.2574
-11.4487	-16.3534
-17.9698	-2.79851
-3.75085	-33.972
-32.7883	-12.1366
-12.6902	-18.2811
-14.2073	-26.0409
-25.9546	-22.8047
-19.398	-21.0981
-5.64301	-10.9584
-10.6983	-16.5516
-5.5627	2.33304
2.81844	12.1595
-0.0668486	0.1152
5.29079	-6.07366
3.64387	-2.22464
-2.13245	4.22494
3.42565	2.24861
0.524275	-1.49404
-1.37594	-1.67018
-2.65711	-22.8665
-30.3828	-23.9278
-19.0667	0.397927
-0.516716	-3.66889
0.521907	-2.57523
-7.59235	-4.93015
-8.94519	-7.77325
-1.01941	-10.2755
-1.33721	2.61126
3.53296	1.10589
-2.64551	7.5065
0.288053	-8.48013
0.829793	-1.69958
1.16928	-4.9916
-3.01439	-1.74659
-5.76863	1.03728
4.74199	0.0800218
4.73506	-1.31011
-1.39431	5.41177
2.66643	2.34641
1.7175	-10.0266
-11.4454	-13.9161
-15.1148	5.05758
4.07857	-20.4805
-23.9889	-21.3093
-27.8525	-21.6419
-20.5617	-3.1548
-12.8394	-12.7398
-15.4264	-18.1666
-20.9329	-2.91338
-5.28573	-10.5916
-14.8452	-5.80507
-5.53043	0.430663
3.50956	-0.644368
-1.43463	4.30259
10.845	4.0925
-0.815067	3.3048
2.84638	2.19342
-3.11391	3.21912
-0.914934	-0.944278
-0.76513	-24.1487
-14.4956	-13.4128
-17.6801	-15.1615
-16.633	-27.9605
-24.5889	-21.2902
-21.4587	-3.3353
-5.49722	-19.8476
-15.0295	-12.8686
-6.77476	-10.9039
-11.5917	-12.9934
-15.5484	-9.57887
-2.35898	1.09572
0.840919	6.74211
5.63339	-4.74284
-0.986568	7.02641
6.46476	-3.60569
-5.03081	1.20179
-0.4495	0.721618
-0.910195	0.443052
0.137603	-0.447738
-0.0306228	-13.5904
-14.2643	-23.5498
-24.2716	-13.7925
-13.3136	-23.7858
-23.4118	-17.1151
-17.6399	-5.09454
-7.62371	-6.11697
-4.71259	-13.7909
-13.4713	4.35453
1.416	-16.0473
-21.3316	-3.63209
-12.2652	-14.8215
-12.4875	-2.29166
0.96736	-8.17461
-8.98001	-4.45738
-3.62706	-4.6191
-3.09677	-5.83261
-5.00502	-4.02982
-3.21487	1.12593
-0.701841	-0.133799
-0.34424	-12.6208
-13.916	-9.43243
-5.06886	-12.7245
-4.89159	-18.6178
-16.1647	-5.22134
-5.18429	-1.9172
-5.55763	-3.50991
0.00887764	3.44637
-4.76759	-7.30752
-10.4251	-10.1596
-7.14692	3.95216
-2.96999	-4.91476
5.97244	-3.11586
0.78946	-0.266949
2.75486	3.68953
3.80696	1.41424
3.17576	1.79551
-0.129177	-3.33078
-0.131898	-1.37972
-1.81665	-1.72151
0.5722	-15.7089
-19.2044	-10.4702
-11.4199	1.9166
-1.81848	0.212169
4.49853	-7.78033
-0.716395	7.26569
8.1105	-20.87
-5.4771	-4.19587
10.9231	4.09839
-11.867	-2.8522
6.17303	1.40274
-9.27058	2.6803
-0.458954	1.11002
-3.85293	-0.945544
9.49918	-3.47232
-0.138274	-2.6265
1.98996	-0.653325
0.940672	3.46528
0.28232	-0.110879
-0.578026	3.66089
-0.964742	-3.00534
-8.7951	3.07043
1.83234	-7.42845
0.211886	3.92981
-10.668	10.4293
11.31	-0.616153
3.02508	-0.775939
-1.45556	1.80916
3.04762	2.98271
-3.526	3.53641
7.81471	-0.723481
7.30234	-2.40036
4.91672	2.23035
3.86058	3.75332
-1.59476	-2.35663
-2.11167	1.08056
-1.92119	-5.23593
-4.5407	-1.03129
-20.5511	-12.0681
-16.4791	-13.334
-12.3463	-9.50386
-7.01897	-5.92834
-9.14491	-10.1728
-10.2722	-27.6089
-24.0526	-10.0803
-8.81351	-9.47334
-15.9989	-4.50034
-5.22119	-8.32076
-10.1217	-9.78176
-2.69639	-5.79715
-6.52615	-3.02083
1.76371	2.3409
-0.375453	4.13075
7.87629	5.14393
3.94816	1.22658
0.161138	-2.67192
-2.17385	-4.87992
-7.77331	-30.2824
-30.5543	-27.2882
-24.1857	-16.4167
-25.3727	-20.3768
-13.6286	0.672232
-7.97008	-19.3474
-20.3251	-6.57092
-4.61373	-20.4361
-19.6551	-10.0171
-11.7558	-6.7531
-17.0728	-15.7665
-10.8335	-2.24894
-4.14313	-6.53951
-1.22399	5.41432
8.63123	8.28917
0.564738	8.1334
5.5603	-2.12068
0.101668	-3.57297
-3.14662	-3.01427
-4.15174	-21.6923
-21.1641	-27.489
-31.0125	-8.68472
-5.02372	-12.5297
-10.9387	-11.2923
-11.7919	-4.98945
-10.3953	-25.5774
-26.1918	-16.8478
-15.116	-10.2869
-7.4317	-5.50772
-7.06043	-6.44354
-3.79148	14.9128
15.5118	14.3805
13.0984	7.61307
9.19386	8.86758
11.6573	8.32447
9.345	-0.17629
6.00412	2.04699
-0.209291	1.68994
-0.00928616	0.0293723
-0.954304	-20.8641
-21.2618	-28.3367
-28.1052	2.20219
5.8351	9.1447
2.15769	-11.0434
-16.9975	-8.89251
-7.83162	-8.09211
-13.5665	-14.1974
-12.3887	-7.60717
-15.535	-11.1409
-14.476	2.59165
-2.74716	-11.8961
-11.5442	-2.42703
-0.0634428	-6.23721
-4.13098	-6.7583
-7.19497	-4.43234
-4.38647	-3.26976
2.69114	4.27246
2.2699	-0.328351
2.04007	1.21881
-0.749867	-19.4095
-27.7175	-13.0048
-13.0059	-9.17971
-13.4979	-4.77735
-6.7735	-6.979
-13.2811	-2.44122
-3.95233	-24.7745
-16.5115	-22.5787
-29.7279	0.816752
-1.23575	-18.7894
-11.2369	-13.4324
-14.3576	-9.80512
-9.43843	-0.954223
-1.21548	-6.28
-11.9273	-2.62102
-3.61493	-2.94616
-4.90088	-2.16114
-3.36527	3.4492
4.63709	2.84412
2.77875	2.89201
1.77531	-21.8914
-20.2419	-35.4775
-34.2991	-12.481
-18.2624	-6.44823
-10.6131	-17.7139
-21.8618	-30.0167
-31.693	-19.9736
-23.5774	-4.2562
-14.3421	-18.4124
-17.0965	-17.7943
-9.63412	-9.46627
-8.63739	-7.32984
-10.1597	-4.13508
0.686099	0.630418
7.47028	6.3473
2.92706	9.70883
4.36875	4.32394
5.34985	7.03816
6.94721	-1.59533
-0.504695	0.901682
-1.39947	-11.0433
-16.3252	-29.4469
-26.7	-10.0406
-3.51307	-39.4635
-30.1485	-9.35548
-8.18965	-10.838
-6.77461	-19.7378
-15.6617	-23.8242
-18.3109	-9.64344
-7.33028	-11.9586
-4.52154	-12.7142
-15.8881	-10.2433
-11.7016	-4.71347
-4.78988	-7.29556
-5.59171	-2.79864
-0.686549	-3.08007
-6.42612	2.59139
-1.78726	-2.53469
-4.02214	1.11907
1.01473	-1.63165
-0.560768	-13.6461
-15.8207	-29.7581
-28.4295	-11.8262
-13.4789	-15.1101
-17.7107	0.929841
3.74364	-8.15884
-7.20728	-25.5231
-22.4731	-16.7928
-12.1088	-2.77415
3.60035	-11.4853
-10.3158	-10.2682
-7.42984	-9.52124
-1.1887	-11.8344
-4.69399	-8.81597
-8.59165	-2.0883
-7.13036	-8.45987
-4.24037	4.42981
-1.90744	-1.80896
-2.02226	1.07001
3.77957	0.846039
-0.574972	-20.1231
-16.9332	-26.279
-26.4668	-9.278
-8.33048	1.64053
4.22967	-9.43942
-15.8039	5.83011
-2.00923	-5.25349
-9.08274	-7.02778
-5.74486	-4.52417
-1.68493	-0.837841
-2.18123	-6.7391
-0.418006	-3.5661
-5.4545	-4.24898
0.761791	-2.80106
-0.709507	1.45469
2.31713	-0.784561
-0.408125	2.39218
1.21346	3.67272
-2.01224	0.944785
-4.39226	-1.05397
-1.17899	-17.0934
-14.1424	-15.9762
-15.2647	-5.22084
-2.02614	-3.18094
-1.5223	0.00254982
-0.235771	5.99895
-3.5524	-4.44199
-5.11202	-4.39699
-1.49406	-2.57209
8.66283	1.01086
-3.19578	-2.04552
-8.4182	-8.89379
-5.52892	-2.41109
-1.54411	-3.76435
-10.3352	-8.19284
-2.08864	-0.170826
-4.71198	-1.94341
2.53979	4.21308
0.403458	15.4944
1.94528	-0.571912
1.46326	-2.5258
-3.60465	3.23835
-3.96264	3.17223
1.57153	-0.0109843
-1.70276	-0.732249
-1.44795	1.51927
2.81952	4.08242
6.10481	2.71438
4.27842	0.478384
-0.336462	-9.25612
-7.56693	-23.2484
-13.7345	-6.04927
-7.18992	-12.2167
-6.22438	-24.2
-19.0697	-13.7315
-7.69324	-11.9467
-6.92991	-23.1507
-26.225	-22.7947
-22.2965	-10.2329
-6.74945	-16.7722
-0.183511	4.29147
-8.34284	0.135872
-0.586886	-3.06763
-2.30205	-2.85312
1.50734	1.26384
3.01915	1.09268
4.97483	3.33671
5.34896	0.834755
2.27896	-2.93065
-2.19428	-20.0062
-18.736	-26.8605
-29.6151	-19.3316
-17.5943	-21.7294
-25.8528	4.07508
4.87652	-14.2406
-15.6116	-28.9977
-30.3695	-13.9464
-10.943	-11.7166
-10.3864	-19.1832
-17.7881	-9.42397
-8.59727	6.76664
7.39636	8.74613
10.3022	13.2175
17.6337	13.5628
8.96782	-2.43357
-5.7457	-11.7997
-13.0205	-3.39786
-3.65796	1.42328
2.3429	4.3855
4.76994	-8.66368
-9.24628	-32.9152
-34.7786	-26.2529
-25.0805	-14.6199
-12.2467	-20.0229
-18.3086	-9.86645
7.8227	-8.26757
-7.315	-8.79406
-8.17122	-6.99586
-2.62242	1.58446
-2.15177	4.2778
-1.06937	7.49309
0.361063	14.1392
11.2774	4.87103
2.46733	-2.9079
-7.40427	3.03093
0.895365	3.00801
0.037823	3.65368
4.92897	3.37926
3.31014	1.37172
2.30429	-9.8434
-5.97827	-24.1406
-21.221	-24.0299
-15.9628	-22.7849
-10.7858	-6.82399
-6.82029	1.92472
0.651578	-4.61674
-2.6754	-3.72919
0.765145	-1.61198
-6.57117	-11.3254
-0.609951	-4.89679
-2.68264	0.650751
-7.37776	-0.844335
-1.8613	1.71283
3.2751	2.15301
0.992749	-0.534715
-0.726712	3.12426
-1.34727	-0.938081
5.51769	2.65001
4.37437	-0.572499
-0.985941	-19.3526
-20.4923	-33.3176
-34.0965	-9.06141
-9.49322	-16.4381
-15.2567	-6.47537
-2.02196	-1.91547
-3.31873	-27.0618
-24.198	-20.238
-18.6262	-17.6775
-14.5633	-13.1175
-11.3615	-18.1715
-19.7254	-11.1389
-4.90476	5.34138
7.71901	5.04289
0.272415	11.7684
12.4437	2.75855
9.01366	3.88694
3.17737	-0.150524
0.910386	-4.42958
-3.36752	-1.12768
-1.15336	-7.18467
-10.7151	-12.5875
-18.6954	-3.40835
-5.49468	-0.412124
-0.805044	-3.11482
-0.6569	-5.26861
-1.80912	-10.5102
-6.206	-5.65952
-10.6539	10.6952
5.84206	-22.0144
-21.3812	-4.63425
-1.93134	-7.95963
-7.74923	-6.15405
-8.97251	-9.07941
-8.49299	-4.4176
-4.70246	-8.82513
-11.994	1.34342
3.91954	3.85442
2.69391	0.792169
0.253202	1.02802
1.04966	-4.8644
-4.99245	-0.728273
-3.51066	-7.06308
-12.2898	-15.9982
-20.8868	-15.8908
-21.8117	-11.6933
-23.3163	-14.3289
-15.7142	-9.28056
-9.50916	-4.26424
-5.99553	-13.9954
-14.9812	-1.59375
-2.12534	-22.1614
-22.5443	0.796466
-2.04308	-8.1886
-4.37943	-3.96939
-6.36959	-1.03933
3.97032	8.10488
7.29881	3.16191
4.06744	3.94933
4.17776	2.6778
0.801066	-23.1774
-20.3048	-10.7662
-18.9535	-15.7451
-15.8833	-23.7937
-16.9782	-6.05412
-5.37844	-3.20153
-1.92909	-21.4351
-17.5104	-13.6122
-18.7543	4.34365
5.60624	-4.83229
-6.4274	-10.4003
-12.7502	-13.3962
-14.9162	-6.82695
-2.46379	-10.5821
-7.80311	-6.11678
-1.86263	-5.65004
-0.68397	-0.464947
4.49065	0.0345792
-0.617722	1.07958
2.83099	0.50841
0.986515	-16.0627
-16.7023	-25.5445
-22.1511	-0.615167
-1.74713	8.55345
3.21907	0.255884
-1.21286	-5.34535
4.27943	-10.9297
-16.4012	-12.8232
-8.83087	-0.985514
-0.546239	3.21197
0.938052	3.48214
-3.74173	-13.5222
-14.1649	-6.77948
-10.5887	-5.71232
-3.97447	5.24523
-2.39619	0.0913997
2.50556	-0.574324
-1.65544	-0.548369
-0.469232	-0.196633
2.06287	-1.92088
-0.559756	-9.02146
-11.2153	-24.9538
-21.8731	-13.1459
-11.0775	12.7416
6.05818	-9.57977
-7.58555	-6.55869
-1.08486	-15.1818
-21.9877	3.20105
2.77586	-5.82452
-4.86044	-2.0836
-1.13407	8.32766
5.65106	4.33244
2.27583	-8.43057
-4.11015	-2.18851
2.74604	5.85889
-1.42814	-0.135676
-5.32931	1.32597
2.76502	1.15408
1.96075	-1.29112
-1.68275	1.75056
0.885458	-18.2949
-15.4001	-12.4524
-14.439	-2.22598
-3.74992	-5.48286
-1.96194	-2.68369
-3.82494	3.25167
-1.24107	-6.34797
-1.40834	-1.28832
-4.79192	-2.16757
-0.298669	-7.28949
-0.485465	4.0251
-2.07184	5.19222
7.04674	-3.41763
0.0505583	14.7419
2.40995	2.61858
-2.61859	-6.06284
-1.59764	1.40267
1.8714	6.98289
1.94609	2.71307
-0.988024	6.23555
4.85926	7.64967
3.94248	0.894254
0.846778	-2.35505
-2.57099	-17.3083
-19.6351	-19.7901
-24.4656	-14.5256
-17.3703	-13.0866
-10.7997	-15.3499
-15.5725	-11.3147
-10.3279	-16.2398
-13.3295	-18.914
-20.9789	-13.3696
-13.7395	-13.0319
-10.5342	-0.947184
-2.79027	-7.31057
-7.88138	0.0176212
4.43621	4.54707
2.76724	4.47334
9.58436	12.3723
12.2768	7.48126
6.74409	1.33702
2.1288	2.8369
-1.5952	-1.44232
-1.74296	-13.3734
-13.8287	-28.5048
-23.5666	-9.73877
-0.46788	5.47959
-11.3597	-11.7027
-12.4728	3.18666
0.214078	-15.3074
-15.0706	-13.387
-18.5463	-0.0532886
0.118391	-21.9659
-15.6166	-10.0499
-7.84711	-0.165708
-3.20336	-3.63608
-4.62867	4.19872
2.57294	7.58702
5.22693	10.9549
13.1633	2.7221
1.80568	0.250519
3.81828	-0.612025
-0.0624148	-2.51381
-1.04136	-15.9769
-16.3221	-31.4985
-31.9243	-17.4999
-19.2325	-14.9119
-12.5073	-17.5258
-14.3291	-2.16934
-2.12216	-17.6915
-23.2832	-20.2531
-10.6712	-13.9887
-13.3956	-12.7039
-4.98099	-7.63042
-1.58996	1.7579
-0.0184857	1.01353
-1.07527	0.233921
1.69204	3.96659
-0.738768	0.953634
2.69399	2.52548
2.23486	1.14044
-3.15853	-2.47429
-3.88339	-2.19658
-2.12099	-30.1895
-29.5059	-14.3049
-13.9143	-7.92878
-8.28011	-16.7413
-19.0667	-6.75526
-9.14423	-14.6431
-7.12971	-14.507
-17.9066	-14.5892
-15.1568	-9.38302
-10.9236	-10.1518
-11.8946	-1.29482
-2.04663	-19.9836
-16.1259	-8.56845
-7.38692	-11.6278
-9.3857	-9.18171
-12.1567	-4.93548
-4.12946	-5.30072
-4.43441	-1.84499
-3.72166	1.3852
-0.665762	0.675969
0.0565137	-11.7835
-15.5031	-24.1187
-15.3463	-11.095
-5.94792	-10.9776
-9.94299	5.33701
-4.3527	-8.79848
-4.15692	1.0679
-5.32306	1.89209
1.71638	-7.17364
7.25828	-1.90108
-8.63972	0.957806
2.99664	4.65022
-1.32866	-1.47933
-8.45445	3.43559
-3.22721	-4.30718
-1.54903	-1.55247
5.71998	0.428813
3.52377	-1.9056
-1.73185	2.84552
0.41158	-1.62771
-2.24926	-25.1028
-21.1011	-5.37357
1.27101	-4.5396
-12.3515	-27.1275
-34.3483	-9.85542
-8.95715	-32.6963
-31.2659	-0.910812
-0.37852	-15.2078
-5.7447	-7.29644
-16.0252	-10.8396
-22.3811	-14.0228
-13.6324	-9.87883
-10.5362	-13.7909
-15.8626	-11.8202
-15.6183	-3.61928
-6.89241	-5.52576
-6.95675	-3.12046
-0.758279	-1.29074
-0.595502	-0.81002
-0.390616	0.451162
0.656965	-7.98431
-8.10295	-31.2161
-30.9467	-22.4977
-24.5993	0.759969
-0.669079	-9.1815
-7.58071	-11.8971
-9.5905	-14.776
-15.2705	-9.74234
-8.51526	-15.7276
-15.4619	-7.91071
-9.92547	-16.4989
-10.9696	-8.46415
-10.2434	-15.3986
-15.3051	-14.6244
-15.0486	-1.15101
-4.76594	-6.16591
-7.04814	-1.89006
-4.79143	4.44813
5.88147	2.79818
1.63617	0.166944
-0.725082	-4.95174
-10.3402	-11.9554
-3.02524	-17.4431
-23.7119	-23.5463
-21.0195	-12.5434
-16.4527	-32.8337
-33.5333	8.35718
4.27423	-13.632
-19.4671	-1.36881
-0.551781	-14.0499
-17.2906	-13.2541
-17.669	-9.53505
-10.6596	-5.98385
-2.20014	-13.0736
-2.45349	4.54437
-5.21379	1.33387
0.199212	-1.23968
0.583491	4.7833
2.77026	0.14766
3.28726	1.41088
2.08478	-13.7667
-14.15	-5.06716
-5.67077	3.44222
3.57774	-0.334534
-6.44648	-2.36673
-8.2466	-6.30761
-3.73997	-10.2397
4.91702	6.75185
13.7367	0.133049
-6.49006	-13.6254
-7.49997	-3.33705
-6.89199	4.75514
2.06869	1.65964
-5.0106	-4.28247
-1.33498	11.8506
8.12457	3.6258
5.78849	1.20315
-2.98368	1.62827
-0.768551	0.620239
1.43328	1.53515
0.189677	-20.4112
-18.2822	-10.8928
-12.4559	-4.33891
-5.83963	-0.4301
-3.6918	-6.14604
-2.1517	1.30531
6.69515	-10.6582
-3.35247	-5.69523
-2.95215	10.9319
10.964	3.95278
7.26622	-7.74638
-4.31929	-1.68389
1.57043	2.59579
3.40459	-5.55386
0.845864	-4.42527
3.60204	2.84598
-2.31943	0.67136
4.69351	0.878418
2.98792	0.512431
1.47683	-1.4823
0.345086	-6.76171
-10.3569	-26.571
-25.6829	-19.8155
-19.1419	-14.3676
-13.2026	-19.117
-19.2144	-13.0175
-8.91299	-3.68552
-1.36268	-22.3483
-19.0278	-15.6326
-12.2793	-21.5266
-15.0462	-11.264
-9.93714	-1.72827
-9.89742	-8.96341
-5.82935	1.27122
-3.10755	3.39014
-4.50306	-3.5388
3.93796	6.26738
1.75191	-1.73278
0.581249	0.492629
0.78528	-1.16944
-1.13196	-14.1951
-15.138	-19.1403
-17.2393	-16.1349
-13.5767	-32.4085
-28.5701	-39.1055
-27.7486	-13.6767
-8.89298	2.24176
-2.15513	-13.3362
-14.0335	-11.9673
-20.1163	-16.3093
-21.048	-9.84266
-18.5756	-23.0855
-19.9384	-2.68969
-6.52504	7.68648
9.34897	9.10209
6.26444	9.05048
2.72654	2.31181
3.82182	3.39663
-0.389864	0.833994
-0.354423	0.177881
-0.923001	-22.3125
-29.2094	-17.4314
-21.1128	1.81629
-1.53706	-11.6902
-15.7115	-1.96586
-8.34157	2.64895
-0.486986	-11.0092
-14.8039	2.92337
7.37619	-4.13031
-14.7098	-7.5011
0.206973	6.04135
-1.96953	-12.29
-14.7404	10.2908
4.20467	-5.66538
2.79973	2.49095
-2.94074	-0.272022
11.2341	2.20523
-0.358677	2.20178
-2.32157	-2.88811
-5.09042	-2.40529
-2.03918	-20.2616
-18.9936	-26.5463
-27.6119	-19.8561
-20.2534	-21.4493
-19.9081	-12.8799
-15.1552	3.12241
2.85656	-19.5458
-15.5588	-15.7593
-17.2085	-10.7459
-10.769	-15.667
-19.297	-8.67728
-8.77178	0.500454
2.99273	8.13197
9.49238	18.7291
13.7915	23.9031
23.1926	0.734631
0.716294	-1.98338
1.85744	-4.3954
-3.40178	-3.40529
0.503277	3.39745
0.775619	-12.9471
-15.0598	-17.4594
-14.6688	-0.60085
-2.90274	-4.43702
-3.66965	-7.48158
-8.32435	-6.57383
-9.90374	9.08771
15.4825	-7.28443
-13.5227	-14.9536
-12.1332	-17.2442
-23.3545	-5.42561
-4.66116	-8.47662
-2.71127	-6.00099
-5.4539	-3.9087
-6.35272	2.09671
5.20313	8.52752
10.2663	5.87504
6.63337	6.54936
3.96908	-0.668199
0.823322	0.840984
-2.09378	-5.66903
-7.79456	-19.1358
-23.9169	-10.8218
-12.4258	4.90292
3.60358	-3.27059
-4.04871	-13.3217
-7.36455	-0.951709
-10.1542	-3.17277
-8.41189	4.75661
6.70796	-4.92993
2.66382	0.661856
-9.46412	12.5013
6.50464	14.2499
6.08582	14.1497
13.0495	0.885701
3.01757	-6.36456
-9.35054	-9.04975
-9.90941	-2.21547
-1.36233	4.47076
5.94531	1.59076
0.670981	-19.7538
-19.7091	-28.629
-28.9658	-21.5771
-23.5326	-11.0613
-13.1255	-9.95259
-8.37855	4.018
6.08513	-19.3448
-29.1069	-12.7291
-12.8772	-2.38212
-7.98281	-4.5867
-5.5513	1.02195
7.92143	14.8994
4.05099	5.10526
6.13049	10.1246
-10.5446	2.85982
1.8241	-0.504971
-0.229616	4.29068
7.32082	0.831945
4.88658	2.71239
2.91719	-2.02052
-3.27756	-13.9642
-12.7096	-16.2579
-14.7761	-11.4139
-8.95261	-22.7922
-20.7789	-12.4596
-6.61289	-13.6679
-15.661	-22.0969
-16.7948	-20.1289
-8.17014	-12.2389
-13.7966	-10.8221
-6.84623	-4.96264
-23.6243	-10.2725
-11.2884	-4.703
-5.313	-4.47083
-2.01927	9.38212
10.5723	2.84059
2.79808	8.59845
4.16763	-0.845024
1.71104	-2.7317
-3.22257	-1.8985
-2.5301	-14.868
-13.7503	-13.9808
-11.7165	-10.4756
-9.62651	-35.381
-30.4865	-31.4301
-28.0701	-3.1739
-0.735277	-15.2463
-16.027	-11.918
-11.936	-13.6427
-15.7622	-10.7797
-12.6223	-18.5218
-22.4507	-9.96548
-12.135	3.77932
3.02801	-2.9375
1.72643	6.13585
4.34773	3.73834
2.90212	7.51035
6.74242	8.62642
8.37224	3.28683
2.65951	-2.49832
-2.10787	-10.4203
-11.8777	-30.253
-31.3659	-22.0809
-19.3377	-2.14006
-1.71523	-11.1521
-12.6801	-9.31382
-9.53694	-6.38434
-8.27771	-21.9895
-21.4818	-9.33961
-11.7348	-17.1555
-19.6556	-8.18342
-6.22306	-13.3373
-13.9642	-4.71843
-2.82059	-6.98969
-8.12462	-6.20597
-5.3451	1.39365
1.71707	2.43621
2.29799	5.99416
6.27497	2.39316
3.47725	0.230694
-0.924566	-17.7307
-17.6906	-36.6659
-38.4686	-10.0138
-8.17186	-6.00249
-12.4129	-12.1871
-7.25037	-11.1209
-5.98526	-22.0487
-18.3418	-21.9267
-20.6387	-12.0737
-7.24044	-16.2517
-11.7381	-13.724
-15.1669	-6.6599
2.09228	6.88368
10.3047	10.7291
10.3061	17.5827
16.0827	2.9634
0.913587	-14.5792
-12.7503	-11.0627
-8.82529	2.49295
4.44738	4.12913
4.40933	-14.9292
-14.2273	-33.8109
-37.7471	-14.5413
-12.2872	-7.56062
-6.48017	-15.6392
-12.6883	4.90125
2.24984	-14.5452
-19.5141	-15.6461
-12.3999	9.69646
2.96403	5.74595
1.66546	6.87696
-6.89376	-13.0872
-13.8662	-5.36882
-6.27828	-2.6342
-6.9375	-7.01792
-4.60665	1.89307
-2.42108	1.21083
2.70763	-0.356673
-0.483357	2.2671
0.679885	0.5096
-0.436662	-5.77358
-8.02858	-16.2962
-18.6664	4.23835
3.81559	-12.1808
-12.2872	-22.1681
-21.3608	-24.7636
-27.3307	-16.9174
-22.1247	-4.08118
-5.46873	-10.8376
-18.6155	-7.37042
-7.95811	-2.39372
-3.03881	-13.24
-13.1918	-6.67298
-5.31449	-10.7434
-11.2323	-7.57765
-6.59328	-6.91998
-6.63412	-1.82843
-0.486323	-1.62203
-0.804486	-1.13349
-0.558665	1.73969
0.818609	-9.15786
-8.83209	-26.4682
-30.5494	-15.7441
-9.78917	-1.54028
-2.07082	-15.3889
-12.8139	-13.0908
-12.0479	-11.5575
-15.4778	-13.6318
-10.3474	2.9267
-6.88193	-10.4442
-5.8136	-5.05297
-5.39318	-16.6847
-12.425	-6.3902
-2.6554	-14.8095
-18.8997	-1.55022
-1.86921	-12.8265
-11.0034	-3.06525
-3.04604	-5.29718
-3.06931	3.44978
2.01007	2.28817
1.42421	-11.4922
-11.2028	4.73551
7.94563	-14.6471
-9.07761	-21.3822
-19.899	-10.8172
-10.7219	-19.3873
-17.2754	-8.78686
-10.7665	-1.63297
5.63874	0.968445
4.58634	9.06664
10.9027	-3.21103
4.38445	-2.58082
-4.4379	4.37518
7.6001	5.32051
-1.33617	9.08241
8.65031	4.29784
0.192636	5.48416
7.48162	-1.15681
0.156136	-2.06532
-1.30485	0.694354
0.365057	-13.4109
-18.0708	5.85687
-1.34014	-15.8739
-3.26711	-24.566
-24.7904	5.36214
-4.04495	2.41797
1.80404	-20.3149
-19.5731	-11.8028
-13.6799	1.84141
0.180935	-6.69587
-10.6365	-13.8027
-0.868511	-1.5631
-10.0196	-7.30221
-4.14568	0.789292
0.174032	-0.672577
-0.816732	-2.48603
-6.85461	-1.58769
3.95085	-1.80956
1.79663	0.716594
0.105311	-0.224467
1.23924	-16.1049
-12.355	-11.1787
-15.1122	-0.839355
-0.851044	-6.5542
-10.7292	-9.97493
-3.47493	-4.25554
-4.33969	-2.37971
-5.47782	-2.04171
-4.48099	5.14356
1.43556	-3.35755
3.16594	10.2239
-0.0447414	18.1412
-1.31938	0.227291
-0.218169	1.74142
-4.48892	3.32813
0.431898	-6.83499
-0.147109	-3.40048
4.86085	4.24236
4.10876	0.574183
1.70493	-1.59915
4.03457	4.17285
5.19784	-4.81494
-6.30092	1.00073
-1.70501	5.74314
-1.02037	6.26861
7.73208	0.235322
9.49715	4.06806
-2.22967	-9.35424
-1.54683	4.04074
-1.14033	1.20839
7.93743	1.40234
2.88277	-1.00102
-1.87725	-14.6107
-14.6167	-30.4148
-28.4564	-18.4975
-18.0536	-14.7564
-14.4769	-18.5125
-9.90943	-6.27159
-12.6003	-15.8106
-13.4361	-10.0069
-12.3544	-8.9186
-9.55718	-9.88202
-5.19569	-10.2035
-2.78945	1.42392
-0.264677	-1.45196
2.61866	-5.84627
-8.0362	-5.77728
-2.06978	3.80309
5.65085	-0.49233
-2.64304	-0.089392
3.68214	-3.26187
-3.49643	-0.593884
0.00957229	-19.4132
-17.8561	-13.7938
-16.1889	-7.58921
-8.28592	-26.103
-31.8062	-18.8669
-16.9211	-11.0758
-10.8738	-7.05789
-10.4073	-20.4831
-20.417	-0.134811
-1.77368	-18.9453
-22.5267	-8.70191
-21.2042	-5.32686
1.92152	-4.68878
2.09255	1.90841
1.95044	4.53134
9.45328	-1.91519
-4.3596	3.42573
5.5173	-4.93183
-3.0797	1.08825
-2.97959	-0.224269
0.585429	-17.5697
-17.5374	-29.6446
-32.4752	-14.1447
-17.1874	0.20476
-7.33513	-19.6396
-30.5803	-25.7428
-15.8899	-13.0189
-14.1346	-19.4684
-19.198	-12.0578
-14.7393	-8.85801
-26.3803	-21.9655
-18.1912	-0.281363
5.32194	18.539
20.2048	9.6659
2.62402	10.2403
5.66713	2.59984
3.70968	-0.690916
1.00502	0.400275
2.22204	0.514816
-0.402695	-0.547223
-2.25781	-19.0778
-26.8731	-6.29853
-11.6604	-15.5972
-6.55786	-13.2935
-13.7135	-4.79691
-5.66791	-31.0438
-31.9156	-15.3307
-14.2843	-17.0445
-16.3093	-7.41396
-2.13807	-16.7884
-13.1275	-19.6455
-15.0159	-2.81594
-11.7975	-11.9725
-15.0983	-3.8834
-6.5393	3.38986
4.13746	6.29277
12.5737	6.37977
5.66485	1.56372
3.1441	0.827204
0.543299	-1.41833
-0.617621	-14.5003
-23.8337	-9.87946
-16.4	-6.29227
-8.80253	-20.1805
-13.7232	-8.05092
-8.29477	-6.82509
-8.36264	-10.6786
-4.34368	-0.115794
15.5374	3.87704
-10.3261	-6.58864
-0.912848	-1.88831
1.43333	1.94639
-5.19786	-0.350751
4.48034	0.0761044
-3.53966	-0.00983235
2.06582	-0.894835
-7.17496	0.490421
-1.46931	-1.42353
-0.0649742	0.109778
-0.909442	-1.20519
-0.325641	-20.2491
-21.4653	-18.8865
-21.3268	-22.1673
-22.6428	-22.0099
-16.0774	-16.6447
-14.2305	-1.13116
-1.33765	-7.8264
-12.4573	-28.0787
-27.8317	-8.44503
-11.9629	-11.5442
-13.1368	-1.04093
-2.85105	-3.06172
-3.25626	5.25386
5.53515	2.74192
8.88756	10.8561
11.93	-3.44768
-1.84625	-7.99627
-7.79242	-2.47118
-3.3144	-1.64109
-2.54852	-1.46689
1.903	-24.18
-27.148	-12.5284
-14.5779	-12.9907
-14.3809	-23.842
-19.4185	-10.8998
-2.85077	-0.264607
-1.36641	-8.98662
-5.76143	-19.598
-18.4523	-7.11051
-4.50897	1.43041
-1.46255	-11.9476
-18.9655	-7.05517
-11.7424	-8.22858
-2.34231	-9.2497
-8.15317	4.61239
3.618	1.74896
1.34604	7.48541
7.98529	2.83874
2.82442	5.42889
3.83822	-0.0333614
-3.03042	-12.4052
-13.4089	-22.2545
-19.8916	3.91416
-1.38409	-18.5859
1.44788	-11.4144
-13.3647	-11.3731
-17.2883	-21.9706
-15.4051	-12.8837
-11.3127	-6.22643
-4.52161	-14.4152
-19.2243	-5.71574
0.26817	-4.21803
-7.71977	-8.68253
1.18105	-12.8232
-3.48789	-0.280997
7.56113	-0.245261
2.29781	-2.09872
4.82115	-6.3741
-4.30227	-3.99381
-4.64088	-1.03116
2.15715	-7.57164
-7.07848	-6.839
-8.92005	-6.72648
-3.59822	-36.6563
-30.3984	-20.5477
-17.4808	-1.93494
0.62698	-32.6038
-33.1913	-15.3811
-16.3329	-11.8516
-10.5387	-26.8207
-32.3759	-6.26624
-14.1903	-10.6616
-12.6471	-10.5671
-10.1248	-13.9556
-13.8826	5.28511
4.10191	-1.33191
-1.63163	2.77986
2.45968	4.73855
-1.31059	0.229458
3.74249	1.11891
0.146055	-24.184
-26.7751	-7.47753
-16.183	-5.80383
-3.75445	-14.6262
-10.7953	-13.404
-7.99344	-9.28551
-7.54725	-5.30377
-17.3148	-3.35423
-15.9706	-1.23223
-4.58351	-19.0461
-10.974	-17.647
-16.0168	-8.89892
-4.78727	-3.05023
-4.79782	-3.78995
1.86255	10.8402
7.86408	0.782509
4.86039	10.8997
10.7123	-2.28059
-4.58721	-2.93841
1.30975	0.372648
-1.11375	-16.7
-15.3745	-25.5466
-28.5026	-5.32034
-6.91271	-2.17658
-0.940184	5.95264
-3.0934	7.5063
3.22762	-11.4523
-4.9005	-22.7473
-23.7503	-1.53911
-1.99372	-16.5174
-20.7845	-19.1656
-17.4646	-8.19546
-9.37647	-8.64828
0.53146	-10.5323
-11.1851	4.40823
1.08044	8.23628
7.79236	6.88287
8.131	4.27435
3.1198	2.67071
1.82135	-0.746378
-1.11008	-11.6238
-7.77094	-17.5849
-19.2884	-3.97978
-0.454204	-11.252
-12.6331	-11.7792
-4.04051	9.07329
7.44593	-3.7235
1.30971	-6.54553
-19.3483	-10.3892
-3.87195	-5.95074
-12.2247	-0.0306526
-2.87775	-1.06523
-5.59596	8.75003
5.46846	5.85378
7.06587	-3.64333
4.56311	1.9442
4.45163	5.75358
5.34283	4.77532
1.18393	2.6231
2.58425	-1.33376
-0.140279	-8.50697
-8.96126	-21.7651
-21.4646	-24.8481
-10.0421	-6.34376
-1.4951	-14.3855
1.73471	-12.5086
-5.5215	0.706079
-4.17725	3.10862
-0.447615	-0.418379
-5.76277	3.507
-6.50761	-5.04025
-7.82931	2.74926
-0.658464	-0.215552
-9.03817	-1.38148
-0.916185	6.61592
2.38363	-3.79063
0.148531	-2.14338
-0.120046	3.48536
-0.706849	-0.466107
-1.70918	-1.90964
-0.568647	-26.5693
-30.8489	-11.2934
-9.14104	-6.16997
-3.87113	-14.4023
-15.9268	6.62952
3.21667	-10.7844
-11.2504	1.66278
-9.14842	-10.6033
-15.4882	-2.81851
-8.53653	-19.5066
-18.0034	-14.0163
-4.91048	-13.3913
-10.813	-4.20783
-0.1946	-7.95441
-9.47062	-4.28939
-1.43541	8.36266
8.31344	7.69705
7.58682	6.7221
7.37525	-2.91568
-2.63245	-0.322535
1.24899	-10.0834
-9.85501	-19.6663
-18.6806	-0.355085
0.901691	-18.4371
-18.907	-31.2684
-27.2864	-19.2399
-22.2606	-22.6603
-23.1739	-18.3949
-17.8514	-18.6812
-20.6929	-15.5293
-14.4186	-10.2466
-13.1907	-17.6326
-14.6302	-0.315385
-6.27582	-17.9594
-7.98238	-10.0933
-9.20417	-5.61898
-7.90699	-4.71061
-5.59372	2.55709
2.88474	2.1931
3.29137	1.94574
0.458288	-6.71354
-7.79271	-8.97012
-10.0444	-0.684584
0.447404	-29.9391
-29.1389	-7.67383
-8.99013	-26.1701
-23.2119	-17.0851
-15.3481	-1.26944
-10.1173	-6.60602
-4.59143	-12.6135
-13.6731	-12.0904
-15.3854	-11.9157
-14.516	-3.91125
-7.75594	-7.05004
-11.0427	0.893026
0.276497	-11.2541
-0.405025	-3.36601
5.20111	1.11425
0.476632	2.3507
3.59801	1.05046
2.11898	-30.1575
-28.8722	-15.9857
-15.716	-1.98804
-4.26317	-20.2735
-20.9076	-3.54201
-6.53541	-13.1515
-23.5843	-5.21877
-5.38515	-12.7955
-17.5735	-5.10341
-2.32656	-11.541
-13.0673	-15.9715
-4.57257	0.311982
-5.53527	-2.37395
8.8213	3.63081
2.00952	-3.83812
-1.92508	3.31243
8.22862	-1.61075
-4.48922	4.51756
-1.2611	-1.43391
0.0783757	1.78032
-2.95427	-23.722
-21.0859	-20.5439
-26.759	-14.5297
-9.68224	-2.85106
-0.311215	-20.8585
-20.2747	2.97466
0.639005	-13.8463
-18.6161	-14.8257
-12.6395	-6.99971
-7.83046	-5.24817
3.52193	-14.1949
-15.8982	-10.4209
0.786743	-2.57447
-3.05097	3.43835
1.283	3.7524
5.39143	3.48395
0.604182	-1.77255
0.297727	1.63608
4.0535	-1.47382
-4.25496	-3.39598
-7.41325	2.07144
-3.08246	1.93278
-3.84916	-4.5474
-1.67018	-5.85513
-4.97798	-5.61293
3.98309	0.713095
-0.36327	3.01786
-1.73616	13.4645
1.32782	-1.60265
4.91925	1.58712
-2.20786	2.86882
-2.4455	1.51915
-2.57541	4.71391
6.44795	-2.21273
2.30334	1.37854
-0.209775	0.128427
-0.743392	-21.7993
-21.7216	-18.0493
-18.6008	-0.844853
1.92747	-10.2251
-11.4534	-2.67615
-2.7678	5.65811
2.86919	-15.4325
-1.3724	-0.794818
-1.15214	-0.885751
8.52476	-2.76905
-0.468657	0.671893
-0.83148	8.01789
-2.87116	10.5337
0.164635	-0.0415764
-2.89026	-0.375219
-4.28742	-6.7547
-3.90359	2.3082
1.07515	4.9073
0.104757	-0.16786
1.24092	-0.309711
1.04044	-18.6954
-15.3999	-9.90725
-27.7784	-15.5874
-13.3832	-20.8895
-25.4774	-6.85496
-3.30787	-1.35956
-2.97942	-8.03254
1.47256	-12.7016
-16.9677	-10.9245
-8.35371	-13.2659
-15.6007	-15.2471
-13.4059	-17.3249
-14.2522	-13.1525
-11.0134	-8.87332
-5.84017	-1.97226
-1.2213	4.22482
4.37036	2.74083
1.41932	1.33024
2.5825	2.29401
2.36929	3.40344
2.62211	-24.5707
-21.2558	-15.5671
-17.9213	-17.5811
-19.1591	-29.566
-29.9332	0.553375
0.608092	-2.27205
-1.15423	-13.4289
-18.1343	-13.3408
-12.4207	2.68023
0.0608677	-26.454
-25.308	-0.501778
1.78914	-7.73221
-9.47734	-2.97257
-2.77104	-6.09242
-6.71188	-1.43616
-7.78409	-1.06796
-1.47961	4.44351
3.74458	3.08046
2.41812	1.53479
-0.465817	-0.767573
-0.149133	-18.8922
-14.5684	-11.2492
-12.9123	-7.14265
-5.69329	-12.942
-11.1438	-0.781732
-1.16897	-2.57976
-3.99517	-0.985889
-7.13754	-4.08613
-18.8949	-4.19397
-1.90672	-28.0954
-24.7991	-12.7244
-9.93681	-13.7119
-14.0197	-5.37962
-7.61328	-10.7574
2.6545	-3.58553
6.32968	4.4361
3.73271	8.04129
3.57133	3.8948
2.92754	1.34969
-1.77591	-3.09044
-1.43751	-18.891
-21.9138	-30.8432
-31.9228	-11.5118
-8.85074	-11.9203
-10.942	-5.51888
-5.36007	-8.2427
-8.08726	-8.51807
-2.20226	-29.4893
-31.2584	-12.4988
-2.48142	-15.8901
-14.6797	-9.71312
-8.88989	-9.57506
-5.59797	-13.1627
-4.23532	-1.48833
11.1978	7.63137
8.59577	10.81
5.06931	0.469038
-3.42196	-5.34456
-5.84065	-3.01978
-2.64593	2.43359
3.31985	-15.633
-15.4871	-8.34853
-11.6069	-13.4455
-11.9256	-31.1757
-31.6187	-18.3548
-17.9326	-26.1705
-19.9188	-19.7352
-16.9298	-7.61431
-21.461	6.82595
3.82166	1.11121
-0.311933	-3.52923
-2.94696	-5.58156
0.544788	9.94288
-0.183368	-4.13762
0.972465	11.5342
9.24938	7.51283
8.8489	7.739
3.3185	1.33783
-1.33672	0.729071
-2.16598	1.54298
-1.11288	-28.8269
-29.8905	-8.5804
-12.1014	-2.57415
-1.37577	-11.4292
-18.4052	0.225682
3.61522	1.11476
-0.722799	-6.12514
3.34637	-5.24628
-2.25865	-6.69713
-0.854588	-5.22249
-12.5837	-11.671
-13.4788	-7.20367
-9.38685	2.58369
2.69549	2.42909
3.52834	19.4912
21.0121	2.7998
1.7095	-0.509835
1.14259	-3.62188
0.0565148	-1.21672
-2.83956	-0.442887
-1.03543	-31.8228
-32.5624	-15.3676
-13.4455	-3.15626
-5.24437	-21.01
-14.0877	-7.18898
-1.1335	-0.139059
4.22733	1.25165
5.91106	3.81728
-0.78245	0.375766
-0.0738879	-8.84659
-4.39066	-8.63536
-3.04756	-0.262418
-5.82002	0.542137
3.22916	5.00544
-4.75859	11.0246
-0.708947	1.82872
1.26008	8.10711
7.81943	6.47212
8.13998	0.526436
0.942173	-1.65977
-1.43011	-17.0457
-19.7239	-20.9678
-24.8052	-11.5412
-9.90224	-18.2445
-17.0508	-11.4865
-12.562	1.20831
0.487393	-11.3319
-0.478252	-21.7839
-24.1386	-9.80376
-7.34922	-22.3278
-19.2973	-4.13915
-3.88403	-20.6198
-15.0608	-10.3418
-7.05868	-0.81186
-4.32958	-10.0995
-6.30244	9.62541
6.9133	3.3567
3.82161	5.80379
1.86247	0.222884
-0.976338	-1.52695
-1.44653	-13.6141
-7.08332	-3.90621
-6.00261	0.964618
2.49138	-10.8708
-13.772	-13.8346
-11.4709	-0.161611
-6.47099	-9.72289
-0.562816	-5.96912
-2.50431	-5.27716
2.39359	-4.69882
-9.90485	-5.46304
3.68596	2.30798
-10.1173	1.40481
2.3566	4.74807
3.3846	0.372962
8.84876	3.54046
2.69975	1.58843
2.62028	-7.37068
-6.65486	-4.15408
-5.47657	-2.92157
-1.94504	-16.8589
-17.2423	-23.1943
-19.3486	-20.5383
-13.633	-13.2277
-15.1135	-7.27541
-9.28662	2.65074
-10.8127	-11.9921
-2.6276	-5.27502
-14.7117	-7.15481
-3.60348	-9.13939
-13.4501	-8.78351
-5.31612	-0.694992
4.64957	8.50229
-4.10844	-3.2358
3.11785	8.06633
8.8701	1.47623
-4.16011	-1.21947
-0.24956	0.160711
-3.4082	-1.08439
-0.157487	-1.58906
-2.52287	-25.1624
-20.7628	-11.1331
-19.4415	-15.6241
-16.4309	-8.58763
-8.47491	-9.8321
-13.1293	-8.73004
-9.77969	-15.0766
-17.593	-22.5748
-22.6752	3.51565
4.13233	-18.4671
-14.7149	-6.47561
-1.06755	-8.14882
-13.8141	11.2813
7.40051	-5.2361
-4.91374	0.795312
-2.14101	-2.32415
-0.301465	4.18291
3.12886	-0.641057
1.24793	1.75276
2.39609	1.06295
0.939695	-21.3778
-11.6412	-19.713
-20.6916	-15.9461
-15.1313	-19.1618
-19.4343	-9.64914
-5.9657	-2.21236
-2.87309	-21.1594
-10.005	-2.25907
3.61119	6.88174
-2.81727	-3.86936
-17.4074	-0.292828
-11.1114	-3.365
-8.48022	-0.211264
1.03725	5.62708
-3.21975	4.75762
-4.90702	-4.843
-1.64834	0.120352
-3.24645	4.092
-2.29244	1.56706
0.338709	-1.24751
1.24329	-18.1207
-20.8728	-18.0614
-18.2096	-8.13752
-5.70463	-16.3417
-10.93	-20.0316
-16.9287	-2.85646
-6.88128	-10.2731
-9.89873	-19.8737
-19.2231	-6.67259
-5.16152	-8.57028
-7.31672	-8.56409
-10.3736	-6.45074
-7.20394	-4.06118
-12.1486	-4.74859
-14.4128	-5.84724
-4.94345	-6.97655
-9.36742	1.33056
-1.01762	-1.12569
0.77259	2.59447
0.59389	0.0354146
-2.8366	-16.5434
-17.9713	-8.72339
-15.556	-10.7797
-11.8945	-11.2953
0.590877	-19.5365
-19.675	-5.5547
-3.10051	-2.14595
-2.5633	-2.79951
-3.087	10.618
2.59204	-8.68039
-0.719252	-3.58327
-0.506132	6.5883
-1.56429	2.50388
-3.10743	3.44388
2.73139	-0.282609
1.48332	3.54191
6.59147	6.8422
2.92465	2.39837
-0.389398	5.32932
-1.57747	-0.670121
1.33553	-11.7006
-21.4067	0.230412
-9.74848	-1.0807
11.6768	-4.59421
-6.47594	-1.4748
1.80047	2.27542
8.22267	2.87274
1.80469	-5.69408
-0.209523	-2.51871
-1.35676	-5.72567
-7.82702	5.63755
0.313435	0.635749
-1.01624	1.64351
1.04622	-1.08997
-2.11701	-24.8187
-23.9972	-19.5883
-19.9556	0.768405
4.01761	0.745657
-1.31854	0.641286
-3.48091	8.51548
6.49919	-8.91288
-6.49394	-0.483385
-1.74008	4.14523
2.98085	-7.98822
-2.79772	-0.511326
2.02291	-1.17677
-2.031	-7.45189
-8.50323	2.89696
1.64058	-1.1896
-7.24881	-0.523111
-1.39682	3.06814
-2.4483	-0.818924
-1.37811	-1.00622
-0.43343	-1.12085
-0.847566	-24.1844
-20.5079	-17.6856
-22.7527	-13.9116
-13.4332	-25.2432
-23.3508	-14.5734
-13.4737	-12.2398
-9.97703	2.59419
1.64888	-22.6868
-18.0534	-14.2223
-13.8957	-10.4314
-11.4303	-15.199
-12.7515	-10.5528
-12.4014	-13.9627
-15.6639	-2.78002
-1.76392	-4.30404
-3.6145	8.82306
7.28745	8.72996
8.04228	7.37808
5.83433	3.83683
3.64012	-1.40981
-2.37009	-22.6902
-22.2169	-36.9195
-36.9351	-1.56912
-1.26588	-7.49599
-4.68388	-7.90829
-13.995	-17.8933
-15.9474	-9.59326
-7.78858	-17.4167
-18.9838	-2.23099
1.13646	-13.4496
-12.536	-11.3095
-8.83636	3.51837
4.32275	9.54472
4.25097	8.36983
4.10886	4.15126
1.40819	4.54625
8.69833	-0.484168
2.97273	0.0501624
0.190014	-5.39167
-5.14848	-1.85044
-2.90625	-10.5481
-9.48548	-15.8032
-10.8754	-9.22123
-19.5285	-30.2537
-21.4367	-11.6319
-11.554	-20.6717
-22.0309	-7.94271
-2.92613	-20.4678
-21.493	-4.48148
10.1916	-18.1011
-19.4964	-7.58618
-5.97885	-16.7919
-7.18201	-7.15059
-8.90643	-12.6398
-13.34	-6.77786
-5.14896	-5.54424
-1.51863	3.80976
4.73442	4.2369
2.53471	3.38129
2.30888	0.218242
2.07109	-21.8862
-14.5367	-17.4917
-22.5308	-16.0529
-12.8494	-24.1131
-24.7186	1.33556
0.731763	-8.1129
-8.70553	-18.8654
-20.3617	-9.52331
-9.3105	-4.70133
-3.33539	-18.6424
-17.9015	-8.81617
-7.02785	-3.58212
-1.99874	0.590978
3.61565	3.73458
2.37921	8.00114
8.15743	6.50003
8.36145	7.67924
8.03882	-6.73887
-4.72832	-8.35975
-8.16411	-1.79338
0.403153	-15.0381
-13.6042	-32.1039
-32.9592	-25.3559
-23.3033	-13.5106
-12.5065	-21.703
-28.1061	-7.50157
-13.4819	-14.0903
-15.7216	-17.2644
-21.8079	-11.7621
-8.07329	-12.7308
-7.58357	-8.85731
-3.53911	-9.55791
-7.80105	-7.26496
-5.36159	-10.4469
-11.319	-4.69739
0.0607325	-6.93257
-6.82484	2.72568
1.6484	2.46962
3.05333	1.99238
1.46955	0.673655
1.37395	-25.0715
-27.7974	-18.8283
-10.0962	4.06729
3.62247	-6.54345
-5.52657	-7.0605
1.84979	-1.73528
5.0476	-3.24878
-5.85958	-2.03417
-11.2943	-1.06307
6.50993	5.124
-3.47137	-0.502307
-5.34046	1.53866
-10.1743	-7.06474
-2.93181	4.12707
-0.299076	2.91335
-2.62691	-2.77929
-1.86448	-0.196896
0.248452	-0.565258
-1.97033	4.31052
3.82213	2.72123
2.05608	-5.17965
-4.16198	-8.47442
-7.20201	-1.11626
0.613468	-7.05567
-8.34546	-7.63654
-9.6697	-7.07864
-0.228633	-1.51592
-3.85957	-10.0987
-2.73802	-1.92638
-3.77182	-10.8326
3.0211	-3.64922
-12.5395	6.75606
-11.5558	-3.29241
-0.996448	-10.4135
-12.1434	-7.70727
-7.28362	-5.82232
-6.4019	-3.49657
-5.34922	1.2878
0.534825	1.97163
-0.594521	1.22114
0.695741	-5.5618
-4.78204	-6.11117
-7.35478	-3.58428
-8.8861	-20.8531
-20.0214	-10.2333
-0.131411	-21.6812
-25.1819	-9.69608
-11.406	-19.381
-22.8121	-3.44595
-9.84359	-1.38526
-5.61544	-5.7794
-11.8077	-4.42925
-10.8603	4.45091
0.996825	-12.0632
-16.8061	-1.96886
3.30381	-3.40235
-2.93015	-2.76474
-7.84749	-3.30294
-2.95088	-0.306955
3.22082	0.895363
2.94522	-16.6702
-18.5231	-3.43862
-5.94067	4.96508
